car 0.854418158531189 174.96331787109375 905.477783203125 415.39849853515625 1020.1243896484375
car 0.8290181756019592 752.5797729492188 876.7491455078125 967.227294921875 969.4884033203125
car 0.8104121088981628 518.121826171875 733.648681640625 693.7487182617188 814.5335083007812
car 0.7768054008483887 869.51806640625 796.0138549804688 1092.1339111328125 906.3861694335938
car 0.7385022640228271 1600.218017578125 722.547119140625 1835.9962158203125 816.1521606445312
car 0.6824275851249695 63.13178253173828 759.9886474609375 256.1720275878906 850.5343017578125
car 0.6641637682914734 750.4796752929688 732.5819091796875 918.1185913085938 809.6159057617188
car 0.6358456015586853 990.3997192382812 726.337158203125 1104.73291015625 795.2791748046875
car 0.6200884580612183 99.96533966064453 787.5792846679688 265.2593994140625 882.5948486328125
car 0.6016939282417297 853.4495849609375 617.9703979492188 970.721923828125 672.3820190429688
car 0.5668762922286987 652.4008178710938 819.9635009765625 857.0835571289062 909.6903686523438
car 0.5546053647994995 514.0862426757812 614.164306640625 598.0502319335938 660.1321411132812
car 0.5538658499717712 352.5671081542969 620.4480590820312 457.3661193847656 670.115478515625
car 0.5458777546882629 1688.1878662109375 805.3160400390625 1886.6427001953125 905.9525756835938
car 0.5279223322868347 12.64671802520752 654.3397827148438 162.604736328125 747.8049926757812
car 0.5147980451583862 1041.356201171875 684.4851684570312 1136.026123046875 746.3709716796875
car 0.5121912360191345 1134.6331787109375 701.6646728515625 1257.567626953125 743.5167846679688
car 0.5118222832679749 153.07766723632812 848.7586669921875 327.71484375 926.8389892578125
car 0.48498520255088806 945.7228393554688 659.6295776367188 1060.5208740234375 720.1795654296875
car 0.4769061505794525 714.0206909179688 848.426513671875 886.3788452148438 939.7188110351562
car 0.4307502210140228 230.1585693359375 1018.5423583984375 479.52545166015625 1079.0
car 0.42423057556152344 697.1226806640625 714.7758178710938 862.2828369140625 789.321044921875
car 0.42071542143821716 1521.6207275390625 635.0252685546875 1667.22412109375 697.91748046875
car 0.4113959074020386 11.066147804260254 636.6007690429688 136.24835205078125 702.387939453125
car 0.40100690722465515 691.6218872070312 565.3771362304688 745.98095703125 604.77734375
car 0.3907127380371094 950.939208984375 981.1461181640625 1065.7650146484375 1076.7916259765625
car 0.35742583870887756 743.25830078125 566.7431030273438 800.6057739257812 602.2510986328125
car 0.34728768467903137 268.37396240234375 581.1679077148438 330.73193359375 621.3522338867188
car 0.34631627798080444 616.9450073242188 781.9883422851562 763.18359375 848.5902099609375
car 0.3406413793563843 836.26025390625 771.9619750976562 992.2665405273438 845.294677734375
car 0.3281140923500061 986.0057373046875 693.029296875 1124.6876220703125 780.1554565429688
car 0.30357056856155396 1557.0269775390625 659.5889892578125 1684.8914794921875 720.133544921875
