car 0.8525612950325012 177.006591796875 905.3580932617188 414.779296875 1019.4299926757812
car 0.8241133093833923 753.782470703125 878.877197265625 969.2759399414062 970.2954711914062
car 0.79462069272995 516.6576538085938 731.7525634765625 693.2949829101562 815.119873046875
car 0.7810449600219727 872.468505859375 799.4058227539062 1100.2283935546875 906.6119384765625
car 0.7502748370170593 1595.1435546875 707.6803588867188 1830.671630859375 812.98193359375
car 0.6980647444725037 745.8865966796875 735.22607421875 918.6748046875 806.00732421875
car 0.6887686252593994 809.8468627929688 668.4725341796875 908.1360473632812 732.3063354492188
car 0.670997142791748 62.15694808959961 759.2271118164062 257.8359069824219 850.7445068359375
car 0.6280288100242615 98.6280746459961 788.7618408203125 265.13726806640625 882.1611328125
car 0.6094852089881897 856.2271728515625 618.3991088867188 970.6343383789062 672.9503173828125
car 0.5689294338226318 513.49755859375 614.3265991210938 597.4364624023438 659.7539672851562
car 0.5682898163795471 1132.8397216796875 701.3060913085938 1258.4742431640625 742.9757690429688
car 0.5499758124351501 354.4582824707031 621.4259033203125 455.4577331542969 669.9031982421875
car 0.5494345426559448 1000.8158569335938 680.9414672851562 1126.3900146484375 747.1993408203125
car 0.5344165563583374 1688.302978515625 805.0879516601562 1887.3768310546875 908.0158081054688
car 0.49189698696136475 153.7980499267578 849.574462890625 326.74810791015625 927.3863525390625
car 0.4485781490802765 21.226171493530273 681.4454345703125 132.63075256347656 757.4301147460938
car 0.4364333748817444 652.269287109375 819.5462646484375 856.3497314453125 909.96630859375
car 0.4298810362815857 8.39302921295166 637.986328125 133.7336883544922 699.9093627929688
car 0.42596539855003357 232.36256408691406 1018.366943359375 477.1217346191406 1079.0
car 0.4019601047039032 1521.18310546875 634.2383422851562 1667.8341064453125 699.0186767578125
car 0.3983539044857025 716.7901611328125 849.8204956054688 883.7730712890625 938.1686401367188
car 0.3883824050426483 946.67822265625 660.1922607421875 1056.59814453125 717.1591796875
car 0.38694411516189575 692.2222290039062 565.6801147460938 744.12744140625 604.9842529296875
car 0.37012580037117004 836.9236450195312 774.3162231445312 991.1995849609375 842.9730224609375
car 0.33244314789772034 268.3825378417969 580.8438110351562 330.5091857910156 621.3512573242188
car 0.33022379875183105 744.3058471679688 566.3574829101562 801.7454223632812 602.076416015625
car 0.3228602707386017 941.1130981445312 974.7075805664062 1130.631591796875 1078.3681640625
car 0.31955787539482117 692.0028686523438 718.760498046875 867.6615600585938 786.5252685546875
car 0.31349194049835205 113.31513214111328 821.5457763671875 308.55889892578125 910.667724609375
car 0.30702489614486694 395.5401611328125 663.6289672851562 480.0577392578125 719.4237670898438
