car 0.866836667060852 178.0132598876953 906.280517578125 415.8883056640625 1019.9140625
car 0.8178520798683167 751.2366333007812 876.6552734375 971.0869140625 969.2178344726562
car 0.8052383661270142 876.9251708984375 797.8058471679688 1097.3092041015625 904.4395751953125
car 0.7210437655448914 749.2816162109375 732.8461303710938 918.0211181640625 808.783447265625
car 0.7152054309844971 1611.3992919921875 723.7178955078125 1812.69091796875 818.8031005859375
car 0.6797799468040466 98.38618469238281 788.6165161132812 265.2230529785156 882.9141235351562
car 0.6589372754096985 62.145511627197266 762.3890380859375 257.4586181640625 851.65771484375
car 0.6390857100486755 854.8755493164062 618.7595825195312 974.10205078125 673.5996704101562
car 0.6094036102294922 514.5924072265625 613.3016357421875 597.0935668945312 659.6309814453125
car 0.5842804908752441 353.0538330078125 621.0341796875 455.168701171875 671.0771484375
car 0.5839272737503052 1130.8338623046875 701.0335083007812 1257.9698486328125 743.4532470703125
car 0.5466209053993225 151.98397827148438 849.4683837890625 327.7918701171875 928.0355224609375
car 0.5281601548194885 715.271240234375 847.18994140625 886.6517333984375 942.695556640625
car 0.526536226272583 997.3615112304688 680.79248046875 1125.736572265625 747.32373046875
car 0.5199118852615356 662.8104858398438 822.3206176757812 856.0986938476562 910.3706665039062
car 0.5072722434997559 1691.423583984375 801.6389770507812 1885.9671630859375 903.2540893554688
car 0.48822513222694397 224.6661376953125 617.296875 327.7666931152344 661.2245483398438
car 0.4705698490142822 548.077392578125 744.163330078125 724.8529052734375 822.0700073242188
car 0.4561014771461487 942.8335571289062 657.9254150390625 1057.4954833984375 718.00341796875
car 0.41944271326065063 5.842989921569824 651.4720458984375 183.05816650390625 745.2230834960938
car 0.4137122333049774 227.67337036132812 1017.3077392578125 480.0697937011719 1079.0
car 0.3708905279636383 839.0718994140625 772.6343994140625 988.22314453125 844.3932495117188
car 0.3693957030773163 10.010759353637695 638.386474609375 133.6980438232422 702.96923828125
car 0.36871057748794556 29.539987564086914 683.4931640625 156.10507202148438 757.8786010742188
car 0.3605215549468994 1522.6990966796875 635.286376953125 1667.16650390625 698.2802734375
car 0.35917744040489197 115.25331115722656 819.8444213867188 305.40838623046875 911.5171508789062
car 0.35382503271102905 693.1331787109375 566.3358764648438 742.7034912109375 604.6744995117188
car 0.345193088054657 743.7083129882812 565.8636474609375 802.4769287109375 603.2927856445312
car 0.3440478444099426 583.650634765625 770.0534057617188 747.8811645507812 841.991455078125
car 0.32034000754356384 394.608642578125 662.60400390625 475.44171142578125 720.6223754882812
