car 0.8576322197914124 179.60061645507812 906.4089965820312 414.5018310546875 1018.1141357421875
car 0.8285450339317322 878.44091796875 797.974609375 1096.91845703125 903.1531982421875
car 0.8097750544548035 751.618408203125 876.5618896484375 971.5841064453125 968.1260375976562
car 0.7561272382736206 1593.934814453125 706.0035400390625 1827.9027099609375 813.588134765625
car 0.7302795052528381 256.8951416015625 690.7437133789062 340.1689758300781 757.8005981445312
car 0.7258070111274719 749.6737060546875 731.5624389648438 918.3457641601562 810.641845703125
car 0.706015944480896 339.4041442871094 738.205078125 437.63226318359375 822.1094360351562
car 0.6607681512832642 854.829345703125 619.1870727539062 974.3505249023438 676.8911743164062
car 0.6376254558563232 101.6688232421875 789.2371215820312 265.2459411621094 880.6702880859375
car 0.6244767308235168 63.41143798828125 760.8413696289062 257.84307861328125 849.4889526367188
car 0.5855326056480408 513.4632568359375 613.1802368164062 597.915283203125 659.7194213867188
car 0.5511892437934875 350.79962158203125 621.132080078125 458.92596435546875 670.6240234375
car 0.525246798992157 1133.134033203125 700.882080078125 1256.74951171875 742.2191162109375
car 0.5243933796882629 715.5213623046875 848.333251953125 886.1185913085938 942.1273803710938
car 0.5158047676086426 659.2947998046875 820.866455078125 857.5546875 909.7557373046875
car 0.5142167210578918 1001.0150756835938 681.8659057617188 1125.665771484375 745.9401245117188
car 0.4991348087787628 1691.91650390625 801.2750244140625 1887.1734619140625 904.6229858398438
car 0.4845985770225525 152.3987579345703 849.8386840820312 327.26385498046875 926.8162231445312
car 0.4454936385154724 949.6743774414062 658.54541015625 1054.883056640625 717.4385986328125
car 0.43959343433380127 21.35011100769043 685.7890014648438 132.86631774902344 755.8350219726562
car 0.43588072061538696 549.3878784179688 745.4459838867188 721.6439208984375 820.6043090820312
car 0.4284575283527374 227.9396209716797 1017.2448120117188 479.97381591796875 1079.0
car 0.3777502179145813 1522.174072265625 634.32958984375 1667.87353515625 696.50830078125
car 0.36585450172424316 11.660411834716797 656.4976196289062 130.51145935058594 730.4026489257812
car 0.36513227224349976 390.22430419921875 662.1204833984375 478.5605773925781 721.4039916992188
car 0.3648558557033539 693.1500244140625 565.0113525390625 744.0702514648438 604.7041015625
car 0.33185258507728577 837.8678588867188 774.2609252929688 987.7887573242188 843.2371826171875
car 0.33123427629470825 586.6961669921875 770.8287963867188 745.517333984375 841.8325805664062
car 0.32187867164611816 117.13908386230469 821.5753784179688 306.1767883300781 909.8854370117188
car 0.3212839663028717 744.6807250976562 566.5171508789062 800.461669921875 602.3702392578125
