car 0.8653071522712708 178.7957000732422 905.8241577148438 414.5226745605469 1018.01416015625
car 0.826823890209198 872.6316528320312 798.4400024414062 1092.732421875 903.0884399414062
car 0.8089902400970459 750.4428100585938 876.2598266601562 971.6526489257812 966.819091796875
car 0.7809469699859619 185.3491973876953 662.6092529296875 302.2212219238281 720.1563110351562
car 0.7224794030189514 1592.84912109375 705.3536376953125 1831.3304443359375 812.681396484375
car 0.6974112391471863 750.336181640625 731.5964965820312 919.1156616210938 809.4949340820312
car 0.6623796224594116 99.64125061035156 788.9871215820312 263.732421875 881.2871704101562
car 0.6617645621299744 62.56907272338867 761.4169311523438 259.0223388671875 852.4671020507812
car 0.6601288318634033 855.4641723632812 619.3136596679688 973.6796264648438 674.5270385742188
car 0.6079208254814148 350.3778381347656 621.2175903320312 458.0731201171875 670.4760131835938
car 0.5847315788269043 513.5390625 612.9507446289062 596.9091186523438 659.208984375
car 0.5627362132072449 716.6119384765625 846.8585205078125 885.50146484375 942.2069091796875
car 0.5542231798171997 661.1152954101562 819.5517578125 856.1399536132812 909.1093139648438
car 0.526084840297699 1128.4833984375 701.4928588867188 1257.470947265625 743.3499145507812
car 0.5238091945648193 1691.206787109375 799.78564453125 1884.9359130859375 903.0119018554688
car 0.5079174637794495 551.8628540039062 743.5245361328125 722.2077026367188 821.9611206054688
car 0.5061294436454773 153.640625 850.4844970703125 325.1944580078125 926.3798217773438
car 0.4926532208919525 22.741029739379883 686.2832641601562 132.2787628173828 757.6767578125
car 0.4674842059612274 1000.3027954101562 681.224853515625 1125.3819580078125 746.5023803710938
car 0.44111305475234985 237.32485961914062 611.6652221679688 346.6100158691406 657.1723022460938
car 0.42451760172843933 940.9207153320312 657.8972778320312 1058.2652587890625 717.2107543945312
car 0.4227694869041443 225.959228515625 1017.2866821289062 482.13470458984375 1079.0
car 0.4058351218700409 10.711925506591797 653.928466796875 128.3640594482422 730.43896484375
car 0.37423792481422424 839.9723510742188 772.4335327148438 985.6049194335938 843.849609375
car 0.34708371758461 1524.2606201171875 635.3245849609375 1662.067138671875 695.8297729492188
car 0.3452388048171997 743.472900390625 565.9739379882812 800.3074340820312 603.1995239257812
car 0.34263768792152405 692.5140991210938 564.8151245117188 742.394287109375 603.8846435546875
car 0.3381202518939972 613.9733276367188 778.3013305664062 765.8897705078125 846.376953125
car 0.3216129541397095 117.98783111572266 821.4089965820312 303.2769470214844 911.0354614257812
car 0.31403711438179016 1560.286865234375 660.161376953125 1684.924560546875 718.2135620117188
