car 0.8661198019981384 172.59432983398438 906.7064208984375 415.1387939453125 1020.2904052734375
car 0.8281835913658142 752.3277587890625 876.109619140625 965.5569458007812 970.293212890625
car 0.7508304119110107 1597.563720703125 721.2655639648438 1833.9404296875 818.1111450195312
car 0.7401012778282166 869.4574584960938 796.0401611328125 1094.3350830078125 902.0017700195312
car 0.7176021337509155 373.1604309082031 815.9674072265625 484.999755859375 903.2623901367188
car 0.7139594554901123 748.6282348632812 731.7120971679688 918.8468627929688 809.8584594726562
car 0.6570428609848022 65.29149627685547 762.0763549804688 253.15003967285156 847.9635620117188
car 0.6086254119873047 102.07691955566406 789.56982421875 265.0100402832031 882.869384765625
car 0.591502845287323 852.9351196289062 618.106201171875 972.5413208007812 671.0223999023438
car 0.5815429091453552 196.9435577392578 632.23388671875 300.64544677734375 683.9840087890625
car 0.5748827457427979 514.8829345703125 613.8159790039062 598.2011108398438 659.8482666015625
car 0.55345219373703 1691.9344482421875 804.5106201171875 1883.6322021484375 904.8468017578125
car 0.5455906391143799 661.7822875976562 821.9005737304688 851.7925415039062 911.3590087890625
car 0.5367152094841003 152.87303161621094 849.448974609375 326.5816345214844 927.2042236328125
car 0.5326591730117798 353.32415771484375 621.9443359375 460.8107604980469 670.2197875976562
car 0.5237141847610474 1132.486328125 701.0972900390625 1257.03466796875 743.7293701171875
car 0.5172425508499146 716.2118530273438 846.9652099609375 885.6439208984375 942.2498779296875
car 0.5139382481575012 1000.5081176757812 681.537109375 1129.0936279296875 748.485595703125
car 0.49953773617744446 537.153076171875 741.6103515625 730.1822509765625 822.9389038085938
car 0.4507957100868225 945.0049438476562 659.6116943359375 1059.6102294921875 718.2244262695312
car 0.4395430386066437 231.29344177246094 1019.244873046875 479.5133056640625 1079.0
car 0.42793381214141846 692.4052734375 565.3297119140625 743.16015625 605.1795043945312
car 0.42330342531204224 12.790079116821289 655.6219482421875 131.8670196533203 733.579833984375
car 0.42148664593696594 11.337910652160645 637.808349609375 135.19140625 698.3074951171875
car 0.41695359349250793 1521.27490234375 634.4632568359375 1668.096923828125 699.1303100585938
car 0.372874915599823 743.569580078125 566.41552734375 802.9367065429688 602.5745849609375
car 0.3510066270828247 117.23304748535156 821.53857421875 306.50811767578125 908.7797241210938
car 0.33026665449142456 25.075843811035156 680.3507690429688 155.108642578125 757.30615234375
car 0.3159506916999817 85.84214782714844 826.3314208984375 174.50030517578125 900.3701782226562
car 0.3040817975997925 627.6221923828125 799.2181396484375 814.621337890625 875.5808715820312
