car 0.8675428032875061 178.42840576171875 906.62744140625 415.5177917480469 1019.6047973632812
car 0.8179193735122681 751.3353271484375 876.6160278320312 971.2040405273438 969.2139892578125
car 0.8054872155189514 877.2327880859375 797.820068359375 1096.69091796875 903.8436889648438
car 0.7103884220123291 749.5750122070312 732.6880493164062 918.1927490234375 808.4323120117188
car 0.6983842253684998 1610.61181640625 723.7681884765625 1813.4759521484375 818.469482421875
car 0.6783726215362549 99.18321990966797 788.731689453125 264.7912902832031 882.6363525390625
car 0.6477713584899902 62.713226318359375 762.4435424804688 257.39813232421875 851.6270751953125
car 0.6394510865211487 854.827880859375 618.7717895507812 974.1146240234375 673.5569458007812
car 0.6082518696784973 514.5543212890625 613.28515625 597.07177734375 659.535888671875
car 0.5849101543426514 353.0638732910156 621.0752563476562 455.3230285644531 671.0492553710938
car 0.5766643285751343 1130.8729248046875 700.92138671875 1257.76611328125 743.2560424804688
car 0.5370048880577087 715.3479614257812 846.810791015625 886.8251342773438 942.7821655273438
car 0.5322617292404175 152.2943878173828 849.8600463867188 327.53106689453125 927.5624389648438
car 0.5231122374534607 662.9119873046875 821.8008422851562 856.7759399414062 910.127685546875
car 0.5182029604911804 998.3370361328125 680.5951538085938 1126.0791015625 747.4814453125
car 0.5154162645339966 1690.6492919921875 802.0575561523438 1886.84326171875 903.8245239257812
car 0.4802643656730652 224.77127075195312 617.1478271484375 327.8990783691406 661.2301635742188
car 0.47746509313583374 548.9690551757812 743.3468017578125 723.8536376953125 822.524658203125
car 0.4567287862300873 942.6427001953125 657.9275512695312 1057.7738037109375 717.90966796875
car 0.41420644521713257 228.52952575683594 1017.4000244140625 479.6923828125 1079.0
car 0.4056534171104431 5.325481414794922 651.6917724609375 182.677001953125 745.0632934570312
car 0.3812440037727356 22.395519256591797 684.0650024414062 128.6904754638672 756.3985595703125
car 0.376046746969223 839.0609741210938 772.698486328125 988.5452880859375 844.375244140625
car 0.36912333965301514 1523.1273193359375 635.0072021484375 1666.990234375 698.296630859375
car 0.36890649795532227 9.646326065063477 638.6597290039062 133.57293701171875 702.7636108398438
car 0.3594406247138977 743.5408325195312 565.7146606445312 802.2996215820312 603.3098754882812
car 0.3570968508720398 693.1331176757812 566.5465087890625 742.51416015625 604.589599609375
car 0.3536358177661896 116.09422302246094 820.3452758789062 304.9173278808594 910.9415283203125
car 0.34825584292411804 614.7363891601562 781.2193603515625 764.5111694335938 846.3377075195312
car 0.30638447403907776 394.5652770996094 662.4437866210938 475.3952331542969 720.57568359375
car 0.3051376938819885 512.5980224609375 736.53173828125 652.6137084960938 819.5162353515625
