car 0.8538200259208679 175.71534729003906 906.3130493164062 414.0335693359375 1020.7035522460938
car 0.8300725817680359 753.1949462890625 875.9103393554688 964.411865234375 970.2665405273438
car 0.8225818276405334 517.880126953125 734.01220703125 694.3573608398438 815.349609375
car 0.7545073628425598 1608.3663330078125 721.6686401367188 1831.9366455078125 817.7987670898438
car 0.751140296459198 862.6351928710938 795.9509887695312 1098.9163818359375 905.9051513671875
car 0.6796314120292664 751.81298828125 734.634765625 917.2220458984375 806.9170532226562
car 0.6438107490539551 63.90665817260742 761.4227905273438 254.34609985351562 849.7730712890625
car 0.6312516927719116 98.59810638427734 790.1580810546875 265.3782043457031 884.048095703125
car 0.5634721517562866 852.3209838867188 617.582763671875 972.7537231445312 671.2468872070312
car 0.5606368780136108 656.9363403320312 819.9786376953125 854.8831176757812 910.8945922851562
car 0.5446780323982239 1129.87060546875 702.0158081054688 1259.8980712890625 744.6614990234375
car 0.5442234873771667 513.938232421875 613.8178100585938 598.8428344726562 660.9432983398438
car 0.5234973430633545 997.8248291015625 681.6836547851562 1130.7061767578125 748.559814453125
car 0.5203760266304016 1689.7906494140625 806.3177490234375 1882.727294921875 911.08447265625
car 0.5114572644233704 352.6314392089844 620.0211791992188 459.11224365234375 669.4471435546875
car 0.5097342729568481 152.35365295410156 849.2703247070312 326.7953186035156 926.647216796875
car 0.47296082973480225 715.82958984375 846.561767578125 885.690673828125 942.60205078125
car 0.4501092731952667 697.5558471679688 715.5880126953125 860.9519653320312 789.3289184570312
car 0.4213988184928894 9.332670211791992 637.384521484375 135.62420654296875 701.182373046875
car 0.41899576783180237 228.02081298828125 1019.3553466796875 482.77191162109375 1079.0
car 0.41463348269462585 11.7783203125 653.635498046875 157.75437927246094 743.7662353515625
car 0.39625707268714905 943.8010864257812 659.8958740234375 1062.5355224609375 718.35302734375
car 0.3886834979057312 690.2801513671875 565.2377319335938 745.1441650390625 605.0933227539062
car 0.3816536068916321 21.017101287841797 683.2822875976562 130.8064727783203 758.5670776367188
car 0.3551599383354187 939.6773681640625 972.0111694335938 1071.429931640625 1075.589599609375
car 0.3524239659309387 742.170166015625 566.1568603515625 803.4011840820312 602.5340576171875
car 0.3337709307670593 117.64022827148438 820.2206420898438 305.69970703125 909.7559814453125
car 0.328599750995636 1523.6463623046875 634.9815673828125 1669.434326171875 698.666259765625
car 0.3264622986316681 265.4055480957031 581.1577758789062 330.9969177246094 622.5536499023438
car 0.31394362449645996 618.1754150390625 781.8644409179688 761.0422973632812 847.9015502929688
car 0.30933108925819397 832.8150634765625 773.4819946289062 997.2946166992188 845.7354125976562
