car 0.8645614981651306 178.94651794433594 905.4689331054688 413.9870910644531 1018.880126953125
car 0.8358532190322876 877.4823608398438 796.1619873046875 1094.4521484375 902.9559936523438
car 0.8186666369438171 749.4923095703125 876.3425903320312 972.0890502929688 968.1966552734375
car 0.7351100444793701 749.8185424804688 732.671630859375 918.4484252929688 808.8189697265625
car 0.734149694442749 1592.193359375 704.9612426757812 1831.801513671875 813.6097412109375
car 0.7226611971855164 239.30223083496094 659.8255004882812 361.3334045410156 714.2659912109375
car 0.6710492968559265 61.663848876953125 760.5709838867188 260.2196960449219 851.80126953125
car 0.6633971333503723 98.45545196533203 788.8931274414062 263.64263916015625 881.04150390625
car 0.6450536251068115 855.5318603515625 619.5438232421875 973.4983520507812 674.7195434570312
car 0.6267342567443848 515.3089599609375 612.4424438476562 596.759033203125 659.4988403320312
car 0.5619539618492126 1130.7974853515625 701.1033325195312 1257.8775634765625 743.1919555664062
car 0.5552011728286743 210.9970703125 615.767333984375 330.4981994628906 663.0916748046875
car 0.548705518245697 717.9462280273438 846.731201171875 884.9808349609375 943.3735961914062
car 0.542158842086792 361.26556396484375 620.6834716796875 455.4861755371094 673.0057983398438
car 0.5349614024162292 155.6883087158203 849.7344360351562 324.3250427246094 926.5504150390625
car 0.5290835499763489 660.959716796875 821.40478515625 855.254638671875 909.6473999023438
car 0.5241101980209351 1691.537841796875 801.285400390625 1885.757568359375 904.7056884765625
car 0.48616644740104675 21.405351638793945 683.7472534179688 134.16455078125 757.8508911132812
car 0.4832054078578949 1000.5980224609375 680.3956909179688 1125.312744140625 746.1674194335938
car 0.4621894657611847 8.194999694824219 639.0081176757812 134.89158630371094 701.1901245117188
car 0.45679375529289246 944.427978515625 657.4300537109375 1057.4378662109375 717.9554443359375
car 0.4497092068195343 228.34072875976562 1016.6333618164062 479.5158386230469 1079.0
car 0.44665277004241943 546.0052490234375 742.8540649414062 726.2035522460938 822.2903442382812
car 0.39637818932533264 840.4099731445312 772.311279296875 986.0996704101562 844.0908203125
car 0.37143510580062866 614.9389038085938 780.92041015625 763.7117309570312 845.2056884765625
car 0.35352998971939087 694.0306396484375 565.661376953125 742.739501953125 604.120849609375
car 0.3532828986644745 743.17724609375 565.38037109375 801.1209716796875 603.0492553710938
car 0.34666189551353455 1523.1944580078125 635.852294921875 1667.240234375 699.08203125
car 0.31342023611068726 116.29850006103516 822.0797729492188 305.049560546875 911.01220703125
