car 0.8582308292388916 180.4019317626953 906.812744140625 413.9275817871094 1018.6434326171875
car 0.8084739446640015 761.6748657226562 879.8158569335938 968.1405639648438 966.623779296875
car 0.7845664620399475 851.2385864257812 784.8692016601562 1025.4205322265625 871.5498046875
car 0.7061311602592468 1595.46240234375 706.9034423828125 1826.8172607421875 812.2239990234375
car 0.6765440106391907 751.5253295898438 731.6458129882812 917.0604858398438 807.7356567382812
car 0.6726229190826416 856.3681640625 618.6474609375 973.3921508789062 676.0861206054688
car 0.6541739702224731 729.9144287109375 852.5687866210938 907.7149047851562 954.0107421875
car 0.650799572467804 104.25139617919922 791.9478759765625 264.16461181640625 878.5494384765625
car 0.5787383317947388 513.7044677734375 612.732177734375 597.5899047851562 659.7687377929688
car 0.5618038773536682 62.89400100708008 764.9259033203125 256.7522277832031 847.8197021484375
car 0.5534901022911072 662.9444580078125 819.8717651367188 854.8208618164062 908.8076171875
car 0.5423627495765686 1692.030517578125 798.7487182617188 1886.3133544921875 901.395263671875
car 0.5328742861747742 359.57525634765625 618.167724609375 451.98175048828125 671.08154296875
car 0.49732673168182373 1128.2271728515625 701.4083251953125 1258.8895263671875 742.718017578125
car 0.4874514639377594 154.86404418945312 850.6004028320312 324.60565185546875 926.0596923828125
car 0.4687128961086273 1001.0992431640625 681.3507690429688 1124.244140625 745.4945068359375
car 0.4657294750213623 549.6618041992188 743.6174926757812 724.8338012695312 820.1204833984375
car 0.46019700169563293 944.0206909179688 656.7167358398438 1057.5555419921875 718.226806640625
car 0.43857118487358093 229.17962646484375 1015.0386962890625 481.39215087890625 1079.0
car 0.40067407488822937 25.977384567260742 692.1354370117188 126.13695526123047 755.3848266601562
car 0.3431352972984314 1525.4814453125 636.1729125976562 1663.2667236328125 698.7857055664062
car 0.34108981490135193 582.4790649414062 767.1218872070312 747.8610229492188 839.43408203125
car 0.33854320645332336 269.8058166503906 579.9656982421875 327.1251525878906 621.0771484375
car 0.33505478501319885 693.5506591796875 564.6890869140625 744.2935791015625 603.0253295898438
car 0.32083266973495483 119.50273132324219 822.4942626953125 303.20794677734375 907.001953125
car 0.3182539641857147 6.344146728515625 640.1089477539062 133.21446228027344 701.4830932617188
car 0.3055758774280548 631.9071655273438 797.01904296875 810.4981079101562 877.3590087890625
