car 0.8579744696617126 174.2489471435547 904.1635131835938 415.2489013671875 1019.1720581054688
car 0.8246607184410095 750.6474609375 875.5768432617188 968.4780883789062 969.9860229492188
car 0.7677850723266602 1613.112548828125 723.2674560546875 1811.788330078125 820.2619018554688
car 0.7529839277267456 746.848388671875 732.4034423828125 916.1062622070312 809.2424926757812
car 0.7462224960327148 870.203125 796.110595703125 1095.408203125 902.890625
car 0.7392446398735046 180.9264678955078 633.6378784179688 287.16058349609375 683.81201171875
car 0.7133357524871826 350.5005187988281 787.4503784179688 457.82769775390625 871.4481811523438
car 0.6667110919952393 64.39090728759766 761.13671875 254.26123046875 848.2548217773438
car 0.6269631385803223 103.67523193359375 789.1763916015625 264.4217529296875 881.2510986328125
car 0.5929344892501831 853.84033203125 618.8258056640625 973.3973999023438 671.3883056640625
car 0.5625904202461243 1133.0841064453125 700.9089965820312 1256.6763916015625 743.498046875
car 0.5582742691040039 1001.5790405273438 681.1682739257812 1127.19482421875 747.9757080078125
car 0.5581455826759338 515.4586791992188 613.96630859375 597.5491943359375 659.766357421875
car 0.5405203104019165 152.96278381347656 848.7776489257812 328.0168762207031 927.7865600585938
car 0.5370699763298035 353.2610168457031 621.2137451171875 457.00299072265625 670.2134399414062
car 0.5347564220428467 659.5193481445312 820.1668701171875 853.7835693359375 910.1341552734375
car 0.5155412554740906 1691.5357666015625 804.2072143554688 1886.083740234375 904.2633666992188
car 0.5111449360847473 715.3333129882812 847.6599731445312 886.2242431640625 942.06005859375
car 0.4961360991001129 545.3350830078125 744.1580810546875 725.3814086914062 822.5252685546875
car 0.43891143798828125 945.0645141601562 659.5109252929688 1056.89697265625 717.9769287109375
car 0.41696131229400635 230.2950897216797 1018.9708251953125 478.70867919921875 1079.0
car 0.4130602478981018 12.085823059082031 637.6895751953125 134.4370880126953 698.6141357421875
car 0.3966142535209656 692.706787109375 565.6023559570312 742.5733032226562 605.38427734375
car 0.3810909390449524 13.288919448852539 656.0698852539062 130.04879760742188 730.2619018554688
car 0.36572664976119995 744.183349609375 566.354248046875 801.24169921875 602.8469848632812
car 0.36483508348464966 118.26593780517578 820.6443481445312 306.07373046875 909.86865234375
car 0.35519346594810486 1522.468994140625 634.2425537109375 1666.975830078125 697.2338256835938
car 0.3546697795391083 20.465728759765625 682.682373046875 129.18531799316406 756.4568481445312
car 0.3339039087295532 610.0816040039062 778.8469848632812 768.0133666992188 847.9529418945312
car 0.31116199493408203 835.3119506835938 772.9629516601562 993.38818359375 844.4428100585938
car 0.30209121108055115 84.3035659790039 827.0117797851562 174.57786560058594 900.3218383789062
