car 0.8580828905105591 175.6553192138672 905.4940185546875 415.2133483886719 1018.8109130859375
car 0.8239418268203735 752.41748046875 876.4393920898438 967.59814453125 969.3076782226562
car 0.8037310242652893 518.2596435546875 733.4644165039062 693.2180786132812 813.847900390625
car 0.7743020057678223 875.298828125 797.3756103515625 1097.742919921875 902.1694946289062
car 0.7592962384223938 1599.182861328125 721.6138916015625 1834.3922119140625 817.7477416992188
car 0.7106015086174011 415.1791076660156 818.5394287109375 538.2842407226562 925.6052856445312
car 0.6927040219306946 223.2902374267578 671.8621215820312 303.76654052734375 736.4944458007812
car 0.6600772142410278 750.7659912109375 733.3478393554688 917.6781005859375 808.5098266601562
car 0.6011830568313599 62.62494659423828 762.8295288085938 256.6726989746094 848.00439453125
car 0.5919288396835327 103.87309265136719 789.2492065429688 265.11785888671875 880.2489624023438
car 0.5877330899238586 853.3472290039062 618.7256469726562 972.4207153320312 672.4869384765625
car 0.5621337294578552 658.2556762695312 820.677001953125 854.8749389648438 909.5624389648438
car 0.5479094386100769 996.976318359375 680.5361328125 1129.0509033203125 748.6890869140625
car 0.5429615378379822 514.988525390625 613.925048828125 597.8157958984375 660.26171875
car 0.5386433005332947 1131.214599609375 701.3777465820312 1257.2071533203125 743.91552734375
car 0.5236591696739197 716.2876586914062 848.1201171875 885.9566040039062 940.0493774414062
car 0.5203668475151062 1691.4923095703125 804.0784912109375 1886.2342529296875 903.1702270507812
car 0.5149158239364624 353.6678466796875 621.6246337890625 457.76727294921875 670.3421020507812
car 0.46938562393188477 154.88253784179688 849.2802124023438 325.8960876464844 925.8923950195312
car 0.44128671288490295 12.880507469177246 656.234375 130.6845245361328 731.32958984375
car 0.4288642406463623 10.496776580810547 638.3909912109375 134.28436279296875 699.3032836914062
car 0.42231494188308716 229.5010528564453 1019.4976806640625 479.9656982421875 1079.0
car 0.4214279353618622 696.8433837890625 715.6781616210938 863.1026000976562 788.7180786132812
car 0.40945684909820557 943.6517944335938 659.458984375 1058.7088623046875 717.6270751953125
car 0.40405333042144775 22.344215393066406 681.5250244140625 127.93196868896484 758.8325805664062
car 0.38645756244659424 1519.1280517578125 634.4832763671875 1668.4376220703125 696.584716796875
car 0.3844234049320221 692.1830444335938 566.0437622070312 744.2702026367188 605.2196655273438
car 0.38194212317466736 617.3494262695312 782.07666015625 760.8977661132812 847.269287109375
car 0.3460788428783417 744.214111328125 566.8776245117188 800.7061767578125 602.8386840820312
car 0.3405326306819916 836.9520263671875 772.8115234375 990.6787719726562 844.33251953125
car 0.3025769293308258 266.43951416015625 580.6781616210938 330.2441101074219 620.9271240234375
