car 0.8531233072280884 179.74713134765625 907.5140380859375 414.278564453125 1019.2188720703125
car 0.810585618019104 763.3779296875 876.9000854492188 967.6093139648438 966.661376953125
car 0.809106171131134 1419.150146484375 582.8689575195312 1548.4609375 630.5031127929688
car 0.7967630624771118 850.9060668945312 784.3748168945312 1027.4921875 872.7540283203125
car 0.7393364310264587 726.4903564453125 853.8134765625 915.9153442382812 950.9310913085938
car 0.7327246069908142 1601.492431640625 707.601806640625 1820.711669921875 811.08935546875
car 0.660484790802002 857.9192504882812 617.6465454101562 975.0526733398438 674.8478393554688
car 0.6576511859893799 754.8655395507812 732.1076049804688 917.1331787109375 806.3756103515625
car 0.6359585523605347 1690.686767578125 800.40283203125 1883.31298828125 900.2685546875
car 0.6261037588119507 64.56066131591797 760.5509643554688 257.1917724609375 847.2813720703125
car 0.6202971935272217 104.08080291748047 791.3026733398438 263.3577575683594 878.87255859375
car 0.6062319278717041 666.0696411132812 821.2901611328125 855.7205810546875 910.1990966796875
car 0.5942153334617615 514.3444213867188 612.4198608398438 598.96826171875 659.5794067382812
car 0.5906723737716675 350.26336669921875 620.7689208984375 456.2789001464844 668.3358154296875
car 0.5694710612297058 688.7366333007812 619.6835327148438 762.2608032226562 676.7589721679688
car 0.5144298076629639 153.4586944580078 849.1400756835938 325.7301330566406 927.606201171875
car 0.4893227517604828 1106.4534912109375 697.8026733398438 1245.716552734375 745.6194458007812
car 0.46664950251579285 543.2727661132812 744.724853515625 728.183837890625 820.0447387695312
car 0.4616607427597046 942.899658203125 657.0305786132812 1060.60009765625 717.7683715820312
car 0.44910430908203125 1033.99267578125 684.167236328125 1140.602783203125 746.0413818359375
car 0.3712807595729828 226.66302490234375 1016.6964721679688 481.22412109375 1079.0
car 0.33776232600212097 26.13775062561035 690.5997314453125 124.075927734375 754.5089111328125
car 0.3372701406478882 614.1065673828125 778.6260986328125 764.4308471679688 847.6251831054688
car 0.3246218264102936 1000.3350219726562 674.0880126953125 1118.826171875 731.85498046875
car 0.3176397383213043 122.9532241821289 824.050537109375 301.0458984375 908.1278686523438
car 0.30577391386032104 175.28273010253906 943.7479858398438 451.6416015625 1063.1063232421875
car 0.30221834778785706 694.783935546875 564.1752319335938 741.2129516601562 602.73095703125
