car 0.8656218647956848 172.96458435058594 906.2326049804688 414.03033447265625 1019.3648681640625
car 0.8240139484405518 750.5844116210938 875.0918579101562 967.2169189453125 970.808837890625
car 0.7711592316627502 1612.775146484375 723.2467651367188 1812.343017578125 820.5865478515625
car 0.7460936903953552 867.6830444335938 795.7337036132812 1095.2427978515625 902.6582641601562
car 0.7222528457641602 190.97906494140625 633.589111328125 296.62530517578125 686.169677734375
car 0.720491349697113 747.6456909179688 734.7537841796875 917.685302734375 807.8341674804688
car 0.7188509702682495 364.5566101074219 797.9591064453125 468.0182800292969 884.3734741210938
car 0.6636148691177368 64.6745376586914 761.7249145507812 253.25393676757812 849.2448120117188
car 0.6175894737243652 103.35482788085938 790.4296875 264.3351135253906 881.0873413085938
car 0.5617018342018127 852.6253662109375 618.4199829101562 973.0942993164062 670.6248779296875
car 0.5601434111595154 515.2152099609375 613.7437133789062 598.0671997070312 660.1658935546875
car 0.555419921875 999.873779296875 681.4827880859375 1129.1951904296875 748.7393798828125
car 0.5550958514213562 1691.6444091796875 805.3319091796875 1883.9501953125 904.4608764648438
car 0.5464900135993958 350.92303466796875 621.115966796875 460.0167236328125 670.9343872070312
car 0.5453735589981079 1132.661376953125 701.538330078125 1256.98779296875 743.9406127929688
car 0.5449584126472473 152.22357177734375 849.5013427734375 328.1191711425781 927.1576538085938
car 0.539922297000885 661.8952026367188 819.9122314453125 853.6925659179688 910.09814453125
car 0.5190386772155762 715.5228881835938 846.43896484375 886.76171875 943.2517700195312
car 0.4800987243652344 542.3402099609375 744.2754516601562 728.7189331054688 823.3251342773438
car 0.4462151825428009 12.172178268432617 637.9252319335938 135.1685333251953 697.0626831054688
car 0.4260088801383972 230.49407958984375 1019.49462890625 479.64837646484375 1079.0
car 0.4173279106616974 945.532958984375 660.21533203125 1058.433837890625 717.8121337890625
car 0.41439753770828247 691.972412109375 564.9964599609375 743.73193359375 605.9227294921875
car 0.4093717932701111 13.381213188171387 656.8057861328125 130.85255432128906 730.4785766601562
car 0.36439308524131775 21.255714416503906 682.6388549804688 126.1770248413086 758.60302734375
car 0.35643425583839417 1523.4283447265625 635.118896484375 1666.5689697265625 698.5239868164062
car 0.3499974012374878 743.0855102539062 565.6964721679688 803.2635498046875 602.309814453125
car 0.3475101590156555 118.03360748291016 821.9177856445312 307.09222412109375 907.6146240234375
car 0.3347504138946533 84.52651977539062 826.4495849609375 174.94822692871094 899.26953125
car 0.3284878730773926 607.57177734375 778.4063720703125 770.403076171875 847.7574462890625
