car 0.8566334843635559 174.7063751220703 904.0719604492188 415.3636779785156 1018.9818115234375
car 0.8233552575111389 750.9892578125 875.7703247070312 968.4410400390625 969.7719116210938
car 0.7632291913032532 746.286865234375 731.6114501953125 916.0077514648438 810.0232543945312
car 0.7575297951698303 871.5928344726562 796.00244140625 1096.14599609375 903.335205078125
car 0.7465710043907166 1612.0062255859375 722.9155883789062 1812.2454833984375 820.005615234375
car 0.7455421686172485 349.1163635253906 788.0545043945312 457.31976318359375 869.55517578125
car 0.7211982607841492 181.6193389892578 633.2736206054688 286.7725830078125 682.678466796875
car 0.6677995920181274 64.17860412597656 760.622802734375 255.01661682128906 848.57763671875
car 0.6267907619476318 103.6764144897461 789.0103149414062 264.2243957519531 881.0856323242188
car 0.6043288707733154 853.9207763671875 618.908447265625 973.297119140625 671.7225341796875
car 0.5787880420684814 515.4879150390625 614.121337890625 597.2722778320312 659.81884765625
car 0.5675013065338135 1001.26953125 680.7745971679688 1127.315673828125 747.9909057617188
car 0.5654956102371216 1132.544677734375 700.6983032226562 1256.8203125 742.9351196289062
car 0.5439698100090027 354.4814758300781 621.5073852539062 455.8537292480469 670.248291015625
car 0.5361844897270203 153.3635711669922 848.8215942382812 327.8338928222656 927.7583618164062
car 0.5252517461776733 657.9853515625 820.3589477539062 854.2994995117188 910.384765625
car 0.5229437351226807 1690.369873046875 804.5224609375 1886.8458251953125 904.3194580078125
car 0.4987998902797699 715.4611206054688 848.2007446289062 886.0933837890625 941.9305419921875
car 0.489976167678833 544.70947265625 743.6878051757812 724.7511596679688 822.3809814453125
car 0.4509982168674469 944.012939453125 658.7515258789062 1056.342529296875 717.5213012695312
car 0.4130880832672119 1521.9354248046875 633.3676147460938 1667.18994140625 697.6490478515625
car 0.40909385681152344 229.5030517578125 1018.9364013671875 479.2906188964844 1079.0
car 0.402023047208786 12.0350980758667 637.947509765625 134.18817138671875 698.8792114257812
car 0.381313681602478 692.9828491210938 565.8849487304688 742.4953002929688 605.2151489257812
car 0.3735606372356415 13.285284996032715 656.4318237304688 130.15499877929688 729.80712890625
car 0.35655876994132996 20.51143455505371 683.1434326171875 129.9600830078125 756.1288452148438
car 0.35586127638816833 744.2593383789062 566.0923461914062 801.0814819335938 602.48486328125
car 0.35540682077407837 118.33354949951172 820.9560546875 305.8921203613281 909.6741333007812
car 0.32910463213920593 610.7936401367188 779.154052734375 767.7011108398438 847.2320556640625
car 0.32006019353866577 397.5742492675781 663.1275634765625 478.50439453125 719.3232421875
car 0.3167710304260254 836.7367553710938 772.7357788085938 991.6000366210938 843.8018188476562
