car 0.8563785552978516 175.41732788085938 906.2123413085938 414.4891357421875 1019.8997192382812
car 0.8370547890663147 753.5936889648438 876.2529296875 966.2711791992188 970.3558349609375
car 0.8095206618309021 517.26416015625 733.8265991210938 693.5528564453125 814.8363647460938
car 0.7847772836685181 865.6066284179688 796.5548095703125 1098.16943359375 906.6322021484375
car 0.7558848857879639 1614.9359130859375 723.7091674804688 1810.3389892578125 819.7703857421875
car 0.6651853322982788 752.175537109375 735.0570068359375 916.7172241210938 807.4833984375
car 0.658416748046875 62.440277099609375 760.5029296875 255.42349243164062 851.5707397460938
car 0.6091528534889221 100.6142349243164 788.7586669921875 265.4034729003906 882.5911865234375
car 0.5801358222961426 851.5818481445312 617.80322265625 972.6852416992188 671.7084350585938
car 0.5648065805435181 1691.093994140625 806.5098266601562 1884.474365234375 906.097412109375
car 0.5600972771644592 1131.1690673828125 701.84033203125 1258.90625 744.7469482421875
car 0.5573902130126953 513.9969482421875 613.4569702148438 598.3005981445312 660.5872192382812
car 0.5506011247634888 654.07421875 819.41796875 857.1402587890625 911.280029296875
car 0.5334179401397705 352.5054931640625 620.6202392578125 461.0845031738281 670.3096923828125
car 0.5217845439910889 157.1627655029297 852.2125244140625 317.5245361328125 925.0787963867188
car 0.4920939803123474 995.2328491210938 681.0538940429688 1130.7257080078125 748.7262573242188
car 0.4487362205982208 714.6384887695312 847.6729736328125 885.6898803710938 940.8577270507812
car 0.43616169691085815 10.8173189163208 637.1143798828125 135.11996459960938 698.2550659179688
car 0.4344020485877991 12.645963668823242 654.3492431640625 157.8938446044922 744.1696166992188
car 0.4302310645580292 1522.386962890625 635.4378051757812 1667.5458984375 699.8289184570312
car 0.41035762429237366 691.7911376953125 565.0379638671875 744.2279052734375 605.5111694335938
car 0.4065861999988556 696.9553833007812 715.1182861328125 863.1199340820312 788.231689453125
car 0.3963104784488678 230.8462371826172 1019.1806640625 479.64349365234375 1079.0
car 0.3940754532814026 944.0755615234375 660.6438598632812 1061.5828857421875 718.6749877929688
car 0.3742131292819977 268.3520812988281 580.8757934570312 331.435791015625 621.8347778320312
car 0.34671851992607117 741.8499145507812 566.64990234375 802.4663696289062 603.0062866210938
car 0.3447260558605194 938.2000122070312 970.5527954101562 1073.495361328125 1076.31494140625
car 0.33787423372268677 120.12833404541016 823.2269897460938 301.9699401855469 910.0816650390625
car 0.31306299567222595 834.4077758789062 773.707763671875 994.3684692382812 844.9510498046875
car 0.3076894283294678 85.43115234375 826.7132568359375 175.0421142578125 900.7395629882812
car 0.30087777972221375 1558.3782958984375 659.0840454101562 1684.407470703125 721.0486450195312
