car 0.8599655032157898 179.0554656982422 905.9630126953125 413.97821044921875 1019.0037231445312
car 0.8337101936340332 878.225830078125 797.6827392578125 1096.8365478515625 904.0607299804688
car 0.8094042539596558 751.7467041015625 876.0336303710938 971.12451171875 968.2078857421875
car 0.7277878522872925 1592.510986328125 707.2310791015625 1830.39892578125 812.787109375
car 0.7258357405662537 749.3948974609375 733.0538940429688 918.9471435546875 808.6911010742188
car 0.6677718162536621 854.857177734375 619.1356201171875 974.08447265625 674.8494262695312
car 0.653598427772522 99.60712432861328 789.42333984375 263.8523864746094 881.9094848632812
car 0.6533634662628174 276.5948181152344 646.9159545898438 388.7134094238281 703.2383422851562
car 0.6531975269317627 62.66096115112305 760.2994995117188 257.6126403808594 851.6566162109375
car 0.5946989059448242 513.8575439453125 613.484130859375 597.21435546875 659.6716918945312
car 0.5514689683914185 657.0370483398438 821.3150634765625 858.1591186523438 910.7028198242188
car 0.5498428344726562 1132.2572021484375 700.5819702148438 1257.7427978515625 742.8966064453125
car 0.5322689414024353 713.4716796875 847.052490234375 887.4319458007812 943.6520385742188
car 0.5183284282684326 356.8811950683594 619.812255859375 455.4894104003906 670.411376953125
car 0.508991539478302 205.05545043945312 624.7831420898438 294.5862121582031 667.1263427734375
car 0.5078125596046448 153.3701629638672 849.6893310546875 326.5098571777344 926.149169921875
car 0.504959225654602 1690.60400390625 800.1505737304688 1886.8201904296875 903.4741821289062
car 0.5039900541305542 1000.8160400390625 682.2601318359375 1124.9803466796875 745.4885864257812
car 0.47722727060317993 548.9476928710938 745.9118041992188 721.77197265625 822.627197265625
car 0.4667062759399414 10.720623016357422 651.9374389648438 130.62545776367188 734.081787109375
car 0.4571027457714081 228.2061767578125 1017.074951171875 479.61187744140625 1079.0
car 0.42750900983810425 944.0943603515625 658.4348754882812 1057.2802734375 717.6286010742188
car 0.4123896062374115 22.569799423217773 683.5277709960938 127.47159576416016 758.7590942382812
car 0.3759775459766388 840.411865234375 772.5435180664062 985.6408081054688 842.6171264648438
car 0.37395986914634705 614.8365478515625 780.7020263671875 763.3765869140625 846.2150268554688
car 0.3698671758174896 692.5679321289062 565.1373901367188 742.5821533203125 604.1793212890625
car 0.3612624704837799 743.3050537109375 565.5623779296875 800.5346069335938 602.4622192382812
car 0.3392457067966461 1524.0328369140625 635.8658447265625 1666.900146484375 698.675537109375
