car 0.8644890189170837 174.81336975097656 904.9113159179688 414.3725891113281 1018.9114990234375
car 0.833858072757721 750.4381713867188 875.6814575195312 968.885498046875 969.8692016601562
car 0.7877914905548096 872.380859375 797.349365234375 1100.3841552734375 903.4755859375
car 0.7858951091766357 518.4520263671875 733.542724609375 695.34130859375 815.4114990234375
car 0.728283166885376 1614.2608642578125 723.40576171875 1812.5677490234375 819.3571166992188
car 0.7135464549064636 372.18682861328125 786.4474487304688 489.1540832519531 881.248046875
car 0.6685518026351929 61.18253707885742 759.7431640625 258.60589599609375 850.114990234375
car 0.64261394739151 749.8369140625 733.2171020507812 918.9115600585938 808.0115966796875
car 0.6117992997169495 101.86465454101562 787.1798706054688 265.0155029296875 882.1732788085938
car 0.6058591604232788 853.2383422851562 618.7877197265625 973.854736328125 672.253662109375
car 0.5654763579368591 514.9489135742188 614.02587890625 597.4186401367188 659.6549072265625
car 0.5573580861091614 658.8302001953125 820.2847290039062 853.6265869140625 907.8128051757812
car 0.5456927418708801 998.66455078125 680.5654296875 1128.8017578125 747.7714233398438
car 0.5419611930847168 1130.385986328125 701.0220947265625 1258.2177734375 744.485107421875
car 0.5377216935157776 353.5040283203125 621.5610961914062 459.07373046875 669.5819091796875
car 0.5341298580169678 937.2798461914062 981.9171142578125 1075.4888916015625 1079.0
car 0.5305347442626953 1699.6868896484375 809.0220947265625 1887.406982421875 909.3682250976562
car 0.5082972049713135 717.2408447265625 847.4307250976562 885.8960571289062 939.9772338867188
car 0.5031645894050598 154.44094848632812 849.0042724609375 326.52642822265625 927.2822875976562
car 0.4375014007091522 227.66456604003906 1019.0300903320312 480.1686706542969 1079.0
car 0.4286254346370697 943.4517822265625 659.29150390625 1059.5341796875 718.1784057617188
car 0.41851454973220825 11.72835636138916 655.0905151367188 156.40147399902344 745.2568359375
car 0.40558525919914246 10.661383628845215 637.601806640625 134.78903198242188 700.507568359375
car 0.39763143658638 692.4390869140625 565.04541015625 743.696533203125 604.8568115234375
car 0.39218077063560486 698.3935546875 716.3021240234375 863.3474731445312 788.2578735351562
car 0.3646199703216553 616.5179443359375 782.3416137695312 761.9141235351562 847.90283203125
car 0.3508627116680145 1537.9857177734375 586.0584716796875 1650.9581298828125 635.3726196289062
car 0.3436488211154938 744.3441772460938 565.9156494140625 800.3800659179688 602.4736328125
car 0.33596542477607727 268.4386901855469 580.655029296875 329.3101806640625 622.0012817382812
car 0.3344535529613495 120.8917007446289 820.095458984375 303.3031311035156 910.6796875
car 0.3341861963272095 631.0750732421875 800.9637451171875 792.7535400390625 893.3570556640625
car 0.33218953013420105 836.2481689453125 772.6532592773438 992.0849609375 843.79833984375
car 0.31890007853507996 399.4115295410156 663.5238037109375 478.32275390625 718.7789916992188
