car 0.8543943762779236 176.3687744140625 907.9580688476562 413.8960876464844 1019.5718383789062
car 0.8464991450309753 752.381591796875 876.4996337890625 969.4397583007812 969.8648681640625
car 0.8057699203491211 519.44140625 732.9362182617188 692.782958984375 815.660888671875
car 0.7844476103782654 1596.9122314453125 721.910888671875 1830.595703125 818.24267578125
car 0.7843772172927856 871.320556640625 797.4900512695312 1098.3765869140625 901.4752197265625
car 0.7287659049034119 1647.1751708984375 578.9677734375 1759.8558349609375 632.4573974609375
car 0.6725425124168396 61.942325592041016 761.1619262695312 256.6470031738281 849.7453002929688
car 0.6698052287101746 751.319091796875 734.0233764648438 917.349365234375 808.2972412109375
car 0.6049290895462036 100.56854248046875 788.5272216796875 266.04730224609375 881.2572021484375
car 0.6046452522277832 853.3087768554688 618.3121948242188 972.5677490234375 672.3858032226562
car 0.5939935445785522 655.147705078125 820.2694091796875 855.2081909179688 909.9583740234375
car 0.5573722124099731 818.8973999023438 1021.7621459960938 1022.4232177734375 1079.0
car 0.5370662808418274 1132.6356201171875 701.4097290039062 1258.3887939453125 744.1262817382812
car 0.5193272233009338 998.1724243164062 681.55322265625 1127.7977294921875 747.3053588867188
car 0.5107445120811462 1693.869140625 806.9528198242188 1883.21435546875 903.3408203125
car 0.5024603009223938 350.6759338378906 620.8275146484375 458.98358154296875 671.163818359375
car 0.49235111474990845 160.47335815429688 833.6896362304688 326.4368896484375 903.8164672851562
car 0.49156591296195984 715.160888671875 847.524658203125 886.7338256835938 940.1932983398438
car 0.4756218194961548 295.0638122558594 721.67626953125 387.557373046875 796.751220703125
car 0.4671495258808136 698.5570678710938 715.3092651367188 860.98876953125 787.7916870117188
car 0.44721582531929016 516.448974609375 612.8668212890625 597.8324584960938 671.8009643554688
car 0.4393497705459595 943.83447265625 659.4285888671875 1057.599365234375 718.0602416992188
car 0.4056682586669922 230.9604034423828 1020.2192993164062 479.5447692871094 1079.0
car 0.3980556130409241 13.79371166229248 655.6574096679688 131.275390625 732.0877685546875
car 0.3908352851867676 692.4121704101562 565.0884399414062 743.1502685546875 605.07568359375
car 0.3827787935733795 9.235355377197266 636.666748046875 137.2576904296875 700.34375
car 0.3776914179325104 619.050048828125 782.0982666015625 759.9501953125 847.38037109375
car 0.37247368693351746 22.896406173706055 682.309814453125 128.5796356201172 758.6130981445312
car 0.3504650592803955 742.6078491210938 566.0975952148438 801.64501953125 603.0361938476562
car 0.3437500596046448 835.233154296875 773.12353515625 992.48291015625 844.468505859375
car 0.3279530107975006 147.19161987304688 853.3355712890625 361.2039489746094 952.8314208984375
