car 0.8519707918167114 174.56423950195312 909.7015991210938 413.3520812988281 1023.6436157226562
car 0.8301114439964294 750.7194213867188 877.9905395507812 962.373046875 970.9070434570312
car 0.8242446780204773 859.6243286132812 797.3729248046875 1095.6082763671875 904.2990112304688
car 0.7947307229042053 519.4181518554688 738.0296630859375 693.120361328125 815.2611694335938
car 0.7835712432861328 1610.8828125 721.9057006835938 1826.4483642578125 818.6989135742188
car 0.7301275730133057 62.13267517089844 760.1917724609375 256.6921081542969 851.7171630859375
car 0.7233051657676697 752.4229125976562 734.816162109375 918.565185546875 807.065673828125
car 0.6349765658378601 95.61564636230469 790.07080078125 262.24896240234375 884.22900390625
car 0.5982905030250549 1691.0216064453125 807.7970581054688 1884.261474609375 909.9229125976562
car 0.5618773102760315 856.3043823242188 617.9967651367188 973.191162109375 671.6223754882812
car 0.5272760391235352 717.8262939453125 847.0322265625 884.2763671875 942.951904296875
car 0.5189104676246643 658.0158081054688 822.6056518554688 849.4597778320312 908.4747924804688
car 0.5132203698158264 147.74844360351562 849.6746826171875 329.7887878417969 929.634033203125
car 0.5113266706466675 1097.0108642578125 699.3721923828125 1252.462158203125 748.8772583007812
car 0.5007497072219849 350.19842529296875 620.60009765625 460.6903381347656 670.3972778320312
car 0.4906124472618103 512.7262573242188 615.8700561523438 599.719970703125 662.6578369140625
car 0.48445579409599304 994.539306640625 681.4244384765625 1132.80419921875 749.1364135742188
car 0.465196430683136 948.7054443359375 980.4168090820312 1063.0308837890625 1078.4161376953125
car 0.43982863426208496 9.105700492858887 637.77294921875 134.04205322265625 698.90283203125
car 0.40913623571395874 1524.79345703125 635.7542724609375 1665.6474609375 703.9058837890625
car 0.40443551540374756 12.258891105651855 657.7518920898438 127.72920227050781 725.5101928710938
car 0.3919614851474762 222.67481994628906 1018.6050415039062 486.85723876953125 1079.0
car 0.3883039951324463 23.904987335205078 688.1254272460938 123.4248275756836 758.7662353515625
car 0.3780115246772766 685.9109497070312 565.3139038085938 750.2071533203125 606.9977416992188
car 0.3765554428100586 695.4696655273438 716.99365234375 863.2276000976562 789.9342041015625
car 0.361014723777771 941.7391357421875 662.18896484375 1063.9200439453125 719.7523803710938
car 0.3587885797023773 615.1226806640625 781.1798706054688 763.7865600585938 848.9088134765625
car 0.35559961199760437 630.122802734375 802.0770263671875 790.7703857421875 895.0784301757812
car 0.3472486734390259 267.7701416015625 580.5914916992188 329.2276306152344 622.0519409179688
car 0.33485695719718933 113.1002197265625 821.6032104492188 306.5316467285156 910.789306640625
car 0.3319751024246216 835.698974609375 773.65283203125 992.6354370117188 847.7112426757812
car 0.3083226680755615 1043.5013427734375 692.8160400390625 1176.26318359375 747.5234375
