car 0.8426103591918945 175.83944702148438 905.050048828125 414.5719909667969 1019.4332275390625
car 0.8291692733764648 752.0842895507812 875.7916259765625 968.2382202148438 969.8505249023438
car 0.8138846755027771 516.2494506835938 733.3843383789062 694.7039184570312 815.7706298828125
car 0.7898725271224976 871.89306640625 798.4144897460938 1101.0211181640625 906.3751831054688
car 0.7103164792060852 1602.879638671875 720.1810913085938 1839.5096435546875 818.987548828125
car 0.680317223072052 749.2994384765625 732.9916381835938 918.3905639648438 808.5715942382812
car 0.6792606115341187 63.05804443359375 759.6489868164062 256.3586730957031 851.2969970703125
car 0.659562349319458 97.38345336914062 788.90625 264.3630065917969 883.1797485351562
car 0.607262372970581 853.2119750976562 618.9252319335938 973.2264404296875 673.019775390625
car 0.5991167426109314 652.1221923828125 820.5419311523438 855.799072265625 911.6769409179688
car 0.5805255770683289 513.2739868164062 613.8603515625 598.0336303710938 660.0326538085938
car 0.5481942296028137 997.5131225585938 680.3798828125 1128.7200927734375 748.3531494140625
car 0.5429702997207642 353.5562438964844 620.593017578125 456.3444519042969 669.6513061523438
car 0.5285475850105286 1131.827880859375 701.642822265625 1258.948974609375 743.8912963867188
car 0.5080899596214294 1686.6502685546875 804.3948364257812 1885.0684814453125 908.758056640625
car 0.4924502372741699 151.14906311035156 849.419677734375 328.4779968261719 926.9276123046875
car 0.4638807475566864 713.5986938476562 847.1109619140625 886.7994384765625 941.1793212890625
car 0.4530857503414154 8.380926132202148 636.2135009765625 136.59515380859375 701.5673217773438
car 0.4451121389865875 697.2677001953125 715.2120361328125 863.419189453125 789.5272216796875
car 0.4409044682979584 11.804641723632812 653.7861328125 155.7032012939453 743.4210205078125
car 0.4350508153438568 230.19427490234375 1018.9554443359375 479.03680419921875 1079.0
car 0.41178351640701294 942.3877563476562 658.6773071289062 1058.5399169921875 717.541015625
car 0.3855249285697937 22.477758407592773 682.5025024414062 128.94400024414062 760.8546142578125
car 0.3736479878425598 836.6228637695312 773.169189453125 991.7513427734375 845.1548461914062
car 0.36700281500816345 691.0657958984375 565.43408203125 743.9642944335938 604.2300415039062
car 0.3444078862667084 744.0474853515625 565.9620971679688 801.6717529296875 602.2225952148438
car 0.33215251564979553 1523.377197265625 634.4249267578125 1669.203857421875 697.1333618164062
car 0.32491540908813477 617.6895751953125 782.157958984375 761.52685546875 847.2974243164062
car 0.31742730736732483 112.89000701904297 820.2390747070312 308.8851013183594 911.3798828125
car 0.313244104385376 265.4176940917969 579.8438720703125 330.3114013671875 621.5753173828125
car 0.30064624547958374 951.108642578125 981.903076171875 1066.2786865234375 1075.3997802734375
