car 0.8634007573127747 179.3975372314453 906.5355834960938 414.4108581542969 1018.538818359375
car 0.8165004253387451 877.6024169921875 800.1702880859375 1098.0771484375 903.6705322265625
car 0.8063749074935913 751.1904907226562 876.2610473632812 971.4669189453125 966.570556640625
car 0.7234784364700317 1593.8076171875 705.6111450195312 1826.0755615234375 812.7489624023438
car 0.6834622025489807 750.2844848632812 731.0538940429688 920.2161254882812 809.1156005859375
car 0.6655453443527222 101.17645263671875 790.0960083007812 264.1587219238281 880.4475708007812
car 0.6505041122436523 855.2302856445312 618.692138671875 974.8998413085938 675.506103515625
car 0.6357936263084412 64.26066589355469 763.6182250976562 257.24951171875 848.9124145507812
car 0.6114515066146851 179.272705078125 663.3525390625 261.27496337890625 723.015869140625
car 0.5836599469184875 352.9297180175781 621.3699340820312 454.9951171875 670.07470703125
car 0.5811032056808472 512.8031616210938 612.7438354492188 597.206298828125 659.0636596679688
car 0.5587337613105774 658.2232055664062 819.2227172851562 858.6298217773438 909.0861206054688
car 0.5365185737609863 715.4778442382812 847.1652221679688 887.0558471679688 941.839599609375
car 0.5307912826538086 1128.9876708984375 701.00830078125 1257.3450927734375 742.78759765625
car 0.5093507766723633 1691.934814453125 798.5722045898438 1886.3446044921875 901.0440063476562
car 0.4855261445045471 153.6297607421875 850.065185546875 324.7895202636719 926.3622436523438
car 0.46912243962287903 549.5010375976562 743.7759399414062 725.11962890625 819.9736328125
car 0.4670632481575012 23.88197898864746 690.793701171875 130.39210510253906 755.6431884765625
car 0.44858452677726746 942.0296020507812 657.263427734375 1058.798583984375 717.2113037109375
car 0.44082820415496826 1032.9305419921875 685.2092895507812 1135.909912109375 747.451171875
car 0.4220198392868042 226.26979064941406 1016.0478515625 483.04925537109375 1079.0
car 0.4178599417209625 247.3124237060547 611.452392578125 339.5947265625 655.943359375
car 0.4009495973587036 839.1221313476562 771.4569702148438 987.1085815429688 844.6668090820312
car 0.3786452114582062 11.270687103271484 639.6692504882812 133.32595825195312 701.6939697265625
car 0.3650345504283905 1525.0361328125 636.4757080078125 1662.104736328125 698.4459228515625
car 0.33303970098495483 614.2252807617188 779.4527587890625 765.7268676757812 846.5408325195312
car 0.32672035694122314 119.54779815673828 821.9908447265625 302.3795166015625 909.926025390625
car 0.3266015946865082 1558.4334716796875 659.4033203125 1685.9132080078125 717.4996337890625
car 0.30603647232055664 693.5451049804688 565.0567016601562 743.625 603.758056640625
car 0.3022461533546448 743.2539672851562 566.326904296875 801.2125854492188 602.5912475585938
