car 0.8628925085067749 177.5350799560547 903.6195678710938 415.4231262207031 1016.1656494140625
car 0.8110601305961609 759.7616577148438 877.6414184570312 967.5321044921875 969.2342529296875
car 0.7564417719841003 855.9596557617188 785.0306396484375 1027.5379638671875 872.7323608398438
car 0.7059420347213745 1593.2308349609375 708.8803100585938 1831.23388671875 811.9730224609375
car 0.6826018691062927 106.01522827148438 791.1234741210938 263.9706115722656 879.5806274414062
car 0.6657019853591919 730.281494140625 853.5778198242188 918.3119506835938 950.2615966796875
car 0.645013153553009 65.03823852539062 758.2471923828125 255.5076141357422 849.9315185546875
car 0.6040343046188354 855.8185424804688 616.4370727539062 974.4722290039062 671.0953369140625
car 0.5995641946792603 751.9354858398438 732.7532958984375 918.2109375 805.2169799804688
car 0.57175612449646 671.203125 819.6041259765625 858.89892578125 911.9364624023438
car 0.5635421872138977 513.6883544921875 609.3720703125 597.9636840820312 655.4468383789062
car 0.5620537400245667 157.17733764648438 830.610595703125 325.95733642578125 906.2322998046875
car 0.5356840491294861 1691.0189208984375 799.3124389648438 1883.814453125 900.355224609375
car 0.4967050552368164 654.0107421875 601.0982055664062 738.179443359375 657.4998779296875
car 0.49313604831695557 1133.3394775390625 698.6903076171875 1258.5213623046875 741.7052001953125
car 0.47638750076293945 142.11209106445312 852.0114135742188 362.6162109375 956.1217041015625
car 0.4675748646259308 948.1136474609375 654.4633178710938 1058.2735595703125 719.1296997070312
car 0.45090267062187195 355.8930969238281 617.5632934570312 454.43389892578125 668.2352294921875
car 0.45032915472984314 538.8905029296875 743.072021484375 731.9636840820312 818.8389282226562
car 0.4292285442352295 1036.0980224609375 682.2967529296875 1137.6768798828125 745.48388671875
car 0.4228192865848541 226.04232788085938 1015.2665405273438 481.6522521972656 1079.0
car 0.3887881636619568 587.2392578125 769.353271484375 747.0086059570312 840.7587890625
car 0.3200148940086365 176.5428009033203 946.4844360351562 454.0496520996094 1066.4512939453125
car 0.3067628741264343 969.3827514648438 660.1805419921875 1107.0091552734375 739.9397583007812
