car 0.8568391799926758 181.64503479003906 907.7979125976562 413.5444641113281 1018.2822875976562
car 0.804131031036377 760.90478515625 880.1923217773438 968.8369140625 967.0200805664062
car 0.7410091161727905 852.0677490234375 787.384765625 1026.91748046875 872.23193359375
car 0.7354979515075684 727.8937377929688 856.9603271484375 915.4721069335938 952.22705078125
car 0.7285071611404419 1594.7841796875 704.9198608398438 1826.638427734375 812.7999877929688
car 0.7265686392784119 881.6764526367188 692.6637573242188 996.272216796875 766.6747436523438
car 0.7175291776657104 753.079345703125 730.015869140625 916.4207763671875 809.9991455078125
car 0.6923997402191162 854.1085205078125 618.274169921875 975.2008666992188 678.5132446289062
car 0.6774372458457947 101.22968292236328 788.6735229492188 265.0824279785156 879.9772338867188
car 0.6484025120735168 64.51982116699219 759.60205078125 258.0204162597656 852.542724609375
car 0.6090521216392517 354.5058288574219 621.2943115234375 455.17559814453125 669.4120483398438
car 0.6047970056533813 513.142333984375 612.2117309570312 597.046630859375 658.9391479492188
car 0.5657034516334534 663.138671875 821.1385498046875 854.349365234375 910.0189819335938
car 0.5147606730461121 1128.8636474609375 700.2578125 1256.8468017578125 742.036865234375
car 0.5071563720703125 1690.9200439453125 800.2034301757812 1886.308837890625 901.9021606445312
car 0.4968731999397278 152.63095092773438 850.4537353515625 327.0507507324219 926.0939331054688
car 0.4263388216495514 954.2652587890625 655.9019775390625 1055.6328125 718.483154296875
car 0.4236695468425751 25.083965301513672 690.1810913085938 124.7044906616211 756.25927734375
car 0.4225674271583557 1035.9259033203125 685.1044311523438 1134.6395263671875 745.7487182617188
car 0.4127277731895447 226.4945526123047 1016.449462890625 482.457275390625 1079.0
car 0.41268977522850037 547.8369140625 746.887939453125 727.3367309570312 819.573486328125
car 0.39465591311454773 687.9180297851562 584.5792846679688 797.6541137695312 625.0813598632812
car 0.3767102360725403 583.2020874023438 769.0858154296875 747.4326171875 840.3828125
car 0.36160582304000854 1526.524658203125 636.8969116210938 1663.900146484375 699.0541381835938
car 0.3309251070022583 1003.54248046875 675.4242553710938 1116.72021484375 731.8909912109375
car 0.32483527064323425 118.92790222167969 821.6063232421875 303.66400146484375 909.1337280273438
car 0.3236829936504364 269.6114807128906 580.5895385742188 327.15277099609375 620.6549682617188
car 0.3017865717411041 5.219205856323242 639.5704956054688 134.04702758789062 701.551025390625
