car 0.8562235236167908 177.98440551757812 904.4812622070312 414.70684814453125 1015.8328247070312
car 0.8198639154434204 759.6138305664062 877.6656494140625 968.875244140625 969.1527099609375
car 0.7537497878074646 858.7916870117188 786.4496459960938 1026.294677734375 872.2968139648438
car 0.716626763343811 1610.4276123046875 723.6146240234375 1816.0316162109375 817.0703735351562
car 0.6653875708580017 728.3626708984375 852.69482421875 917.7709350585938 950.64501953125
car 0.6549631953239441 107.2442398071289 791.8939208984375 265.1763000488281 879.1052856445312
car 0.6211077570915222 753.8410034179688 732.7180786132812 917.861328125 805.4684448242188
car 0.6033522486686707 672.2911987304688 820.11279296875 858.1907958984375 912.1698608398438
car 0.5991763472557068 855.9896240234375 616.4551391601562 974.6032104492188 671.4828491210938
car 0.5883151292800903 63.50271987915039 761.2957763671875 256.0754089355469 848.06494140625
car 0.5737013220787048 513.114501953125 609.3994750976562 597.7316284179688 655.6337890625
car 0.5546011328697205 1692.744384765625 802.047607421875 1882.7569580078125 903.0018310546875
car 0.5532403588294983 159.65374755859375 832.2283935546875 325.075439453125 904.2142333984375
car 0.5135815739631653 1130.214599609375 698.801025390625 1260.042236328125 742.0667114257812
car 0.5095506906509399 653.5360107421875 601.6358032226562 738.1153564453125 658.8807983398438
car 0.4855555593967438 538.9180908203125 744.255126953125 730.59814453125 820.9035034179688
car 0.4703136384487152 1036.9468994140625 682.6970825195312 1140.9771728515625 745.90966796875
car 0.46529948711395264 946.701904296875 654.6389770507812 1060.6256103515625 719.047119140625
car 0.45225754380226135 141.7186737060547 853.0982666015625 365.1348571777344 956.5451049804688
car 0.42386141419410706 355.4009704589844 617.962646484375 453.6752014160156 668.098876953125
car 0.4032350480556488 223.08999633789062 988.5138549804688 492.3375549316406 1078.1484375
car 0.3876226246356964 584.7084350585938 769.4151000976562 748.5088500976562 841.5642700195312
car 0.3287232518196106 998.6359252929688 672.6871948242188 1121.8502197265625 732.2315673828125
car 0.310863733291626 695.2215576171875 561.0394897460938 741.3709716796875 599.6406860351562
car 0.3095231056213379 86.78717041015625 828.1215209960938 173.2488250732422 897.272705078125
car 0.30203375220298767 8.77953052520752 638.1865234375 135.83831787109375 696.8615112304688
person 0.3060884475708008 476.5853576660156 748.282470703125 509.7543640136719 809.758544921875
