car 0.8624942898750305 175.41387939453125 905.9534912109375 414.22784423828125 1017.9686279296875
car 0.8113781809806824 752.7482299804688 876.6395263671875 968.7230224609375 968.8746948242188
car 0.7901480197906494 875.7439575195312 798.0831909179688 1097.953857421875 903.0108032226562
car 0.7585051655769348 1598.0372314453125 720.5899047851562 1833.8260498046875 817.8436889648438
car 0.6615983247756958 748.9138793945312 733.2453002929688 919.4608764648438 807.9725952148438
car 0.6479912996292114 62.97825241088867 761.1939697265625 256.8835754394531 849.4732666015625
car 0.6337206363677979 101.42427062988281 789.408203125 264.7262268066406 880.8736572265625
car 0.6317537426948547 854.4192504882812 619.3031005859375 972.4766235351562 673.5882568359375
car 0.6015005707740784 434.4119567871094 763.369384765625 643.4110107421875 864.806396484375
car 0.59644615650177 189.2408447265625 640.101806640625 270.8973693847656 698.0081787109375
car 0.5959208011627197 514.0587768554688 614.1575317382812 597.41455078125 659.8250732421875
car 0.5546173453330994 998.1246948242188 680.5438842773438 1127.823486328125 747.8707275390625
car 0.5537777543067932 1133.3035888671875 700.39599609375 1256.93359375 742.7282104492188
car 0.5463767051696777 352.89874267578125 621.3469848632812 457.8106994628906 669.9699096679688
car 0.5322838425636292 654.961181640625 821.25 858.8501586914062 910.5716552734375
car 0.5277000069618225 1690.5728759765625 804.7739868164062 1886.548583984375 905.672607421875
car 0.5244866609573364 154.8248748779297 850.04638671875 325.3996887207031 926.2576293945312
car 0.5019251704216003 714.7225341796875 849.6650390625 887.0846557617188 940.1536254882812
car 0.4368787109851837 943.8396606445312 658.6165771484375 1057.0496826171875 717.48583984375
car 0.42226049304008484 696.4209594726562 714.3953857421875 864.3335571289062 787.9608764648438
car 0.4166184365749359 11.815021514892578 638.304931640625 133.4841766357422 698.3746948242188
car 0.40819019079208374 228.03594970703125 1021.085693359375 480.38330078125 1079.0
car 0.40642550587654114 13.739089965820312 657.6166381835938 129.91192626953125 728.3829956054688
car 0.3659673035144806 1520.5155029296875 634.5973510742188 1668.767822265625 697.3881225585938
car 0.35943925380706787 20.842252731323242 682.7395629882812 131.0959014892578 754.9417114257812
car 0.3577280342578888 837.94775390625 772.5325317382812 989.06982421875 844.1483154296875
car 0.34610989689826965 441.8798522949219 891.02783203125 593.333740234375 1012.9622802734375
car 0.3333459496498108 558.9498291015625 742.1619262695312 707.414306640625 805.2156982421875
car 0.32656165957450867 117.42826080322266 821.8797607421875 305.15753173828125 910.006103515625
car 0.31827422976493835 618.4788818359375 782.9197998046875 761.6156616210938 846.0123291015625
car 0.31259119510650635 691.5515747070312 564.9788208007812 742.9354858398438 604.158203125
car 0.30293887853622437 11.209434509277344 638.7565307617188 253.82716369628906 746.9309692382812
