car 0.8668665289878845 179.58778381347656 905.6473999023438 414.2925109863281 1019.225341796875
car 0.8211035132408142 877.6460571289062 794.84716796875 1093.65234375 902.1224365234375
car 0.8118833303451538 750.6676635742188 875.414306640625 972.0415649414062 968.6384887695312
car 0.7601400017738342 1595.7132568359375 707.3302001953125 1832.7801513671875 812.8023681640625
car 0.723845362663269 246.3551025390625 660.5692749023438 346.0293273925781 724.9913330078125
car 0.7169246673583984 749.7030639648438 733.6827392578125 918.541259765625 807.928955078125
car 0.6533589363098145 854.681396484375 619.0708618164062 973.5859985351562 674.83251953125
car 0.6388227343559265 102.39433288574219 789.503173828125 264.03399658203125 880.8394165039062
car 0.635066568851471 63.56574249267578 759.5335693359375 258.17169189453125 849.1401977539062
car 0.5980414748191833 514.5040283203125 612.9619140625 596.6690673828125 659.416015625
car 0.5863160490989685 356.50946044921875 621.0450439453125 456.14495849609375 670.3963012695312
car 0.5856385827064514 210.51478576660156 639.0376586914062 272.71270751953125 681.8626098632812
car 0.5427101850509644 1132.6025390625 700.67578125 1257.8092041015625 742.0292358398438
car 0.5233442187309265 153.50816345214844 849.5921630859375 326.689697265625 927.3639526367188
car 0.518180251121521 1689.8017578125 802.473388671875 1887.5660400390625 906.371337890625
car 0.5164893269538879 657.6838989257812 820.8303833007812 858.2744140625 910.0299072265625
car 0.497324138879776 713.5789794921875 847.440673828125 888.5659790039062 942.9197998046875
car 0.48253777623176575 1036.1015625 685.4752807617188 1133.9649658203125 747.9551391601562
car 0.47503548860549927 942.1567993164062 657.8035888671875 1057.1494140625 718.0491943359375
car 0.4697314202785492 10.334439277648926 653.0601806640625 130.35992431640625 731.5322875976562
car 0.4604749381542206 22.089786529541016 685.0477294921875 132.11050415039062 756.5892333984375
car 0.43940895795822144 549.8283081054688 745.863525390625 721.7571411132812 819.7015991210938
car 0.42509564757347107 228.7191925048828 1017.7437133789062 479.1863098144531 1079.0
car 0.40301623940467834 840.1489868164062 771.8137817382812 985.7369995117188 842.1480712890625
car 0.36445385217666626 394.5133972167969 663.2229614257812 475.2373352050781 721.3766479492188
car 0.36437085270881653 1522.6051025390625 634.6010131835938 1668.546630859375 697.744384765625
car 0.35379451513290405 744.15380859375 565.795166015625 801.24365234375 602.2546997070312
car 0.3530524969100952 693.0831298828125 566.0369262695312 742.4639892578125 604.2586059570312
car 0.34934350848197937 614.5730590820312 781.31396484375 764.0298461914062 845.53271484375
car 0.3425944745540619 999.2328491210938 675.537353515625 1121.6614990234375 732.2069702148438
car 0.3283972442150116 116.71630096435547 822.3399047851562 305.0215759277344 909.41650390625
