car 0.8581684231758118 174.96087646484375 907.3606567382812 413.0107727050781 1022.1712036132812
car 0.8358882069587708 752.1229858398438 877.2131958007812 962.9495239257812 970.2809448242188
car 0.8014079928398132 517.9817504882812 736.5687866210938 695.7099609375 815.3558349609375
car 0.7767083048820496 861.6502685546875 796.6400146484375 1097.207275390625 901.9755859375
car 0.7697731256484985 1607.683349609375 720.7197265625 1829.241943359375 819.7655639648438
car 0.7215718626976013 751.3901977539062 734.9375610351562 917.90478515625 807.7814331054688
car 0.7016357779502869 61.3176383972168 760.5184326171875 256.4853210449219 851.9796142578125
car 0.6399250626564026 95.85681915283203 790.0216674804688 264.7001647949219 884.7378540039062
car 0.5746321678161621 1692.303466796875 809.9445190429688 1881.064208984375 910.0739135742188
car 0.5460700988769531 852.9713134765625 617.2158203125 973.400390625 669.1126098632812
car 0.5379869341850281 1127.8145751953125 703.2426147460938 1261.2855224609375 745.5591430664062
car 0.5208565592765808 657.3077392578125 821.9635620117188 853.2092895507812 909.4158325195312
car 0.5112273097038269 147.23675537109375 850.5475463867188 330.63232421875 927.5032958984375
car 0.5024653673171997 513.5845947265625 614.5270385742188 598.204345703125 661.1047973632812
car 0.49823427200317383 715.081787109375 846.2052612304688 885.3474731445312 943.1244506835938
car 0.4970352053642273 995.3646850585938 682.4273071289062 1131.5811767578125 748.3323364257812
car 0.474162220954895 351.69561767578125 620.9301147460938 461.1966247558594 670.2454223632812
car 0.46751701831817627 950.0205688476562 979.134521484375 1059.0284423828125 1077.3271484375
car 0.4426855146884918 697.427734375 716.3273315429688 861.0963134765625 791.085205078125
car 0.4313356578350067 8.313850402832031 637.139404296875 134.1082763671875 700.5589599609375
car 0.4227554202079773 1522.9627685546875 634.8493041992188 1667.328857421875 701.3094482421875
car 0.4196060299873352 686.697509765625 564.4676513671875 747.8661499023438 605.8189086914062
car 0.4039698839187622 226.49111938476562 1018.4734497070312 484.5434875488281 1079.0
car 0.38623496890068054 21.1447696685791 685.0379638671875 126.47242736816406 757.5737915039062
car 0.36505094170570374 267.398193359375 581.6209716796875 330.561279296875 622.3449096679688
car 0.35353121161460876 943.6655883789062 662.1561279296875 1064.98291015625 719.0728149414062
car 0.35134339332580566 614.8583374023438 781.9344482421875 763.4887084960938 849.3390502929688
car 0.3372999131679535 11.192914009094238 654.3515014648438 149.8118133544922 742.2994384765625
car 0.32900089025497437 114.08424377441406 820.8089599609375 305.83428955078125 910.05712890625
car 0.3271159827709198 629.2117919921875 802.0123901367188 790.4136352539062 894.451171875
car 0.31317442655563354 833.7858276367188 773.913818359375 995.2217407226562 846.868408203125
car 0.30131515860557556 740.4412841796875 566.3308715820312 804.2238159179688 601.2732543945312
