car 0.8667716979980469 178.42286682128906 906.1306762695312 415.5979309082031 1019.72607421875
car 0.8181320428848267 751.8331909179688 876.6934814453125 970.9635009765625 969.0385131835938
car 0.8017529249191284 876.1099853515625 796.6839599609375 1094.5518798828125 902.0695190429688
car 0.7293341755867004 1591.806396484375 705.604248046875 1833.4539794921875 813.8053588867188
car 0.7102295160293579 749.3360595703125 732.482421875 918.1398315429688 808.3798217773438
car 0.6803017854690552 99.24210357666016 788.6519775390625 264.74530029296875 882.6111450195312
car 0.6594604849815369 62.783477783203125 761.9719848632812 257.28253173828125 852.4267578125
car 0.6447077393531799 854.6849365234375 618.8229370117188 974.230224609375 673.6102294921875
car 0.6169981956481934 514.9774780273438 613.0587768554688 597.1284790039062 659.850830078125
car 0.5888369083404541 353.1929626464844 620.9598999023438 455.482666015625 670.8890991210938
car 0.5855385661125183 1131.6744384765625 700.9728393554688 1257.3502197265625 743.1983032226562
car 0.547760009765625 152.04286193847656 849.4558715820312 327.83074951171875 928.1106567382812
car 0.5403004288673401 715.0949096679688 847.0819091796875 886.9242553710938 942.3055419921875
car 0.5374502539634705 997.8260498046875 680.4105834960938 1125.5679931640625 747.4794921875
car 0.5230675339698792 663.0836181640625 821.7604370117188 857.028076171875 910.012939453125
car 0.4920734763145447 548.2418212890625 743.69189453125 723.7415771484375 822.4027099609375
car 0.48952633142471313 1691.68603515625 800.833984375 1886.10498046875 902.7435913085938
car 0.4863089919090271 224.9884796142578 617.2160034179688 327.7082824707031 661.1740112304688
car 0.4575922191143036 942.6309204101562 657.5695190429688 1057.9970703125 718.0475463867188
car 0.41868826746940613 5.015003204345703 651.8488159179688 183.07383728027344 745.2599487304688
car 0.4111296236515045 228.5791473388672 1017.1572265625 479.848876953125 1079.0
car 0.37939172983169556 29.29804039001465 683.5980834960938 156.04208374023438 757.89111328125
car 0.3787762224674225 693.4442138671875 566.3255004882812 742.6978759765625 604.8136596679688
car 0.3729389011859894 743.554931640625 565.9912719726562 802.3634033203125 603.4940795898438
car 0.3643043637275696 839.1453247070312 772.5323486328125 988.3545532226562 843.5740356445312
car 0.3622913062572479 116.25675964355469 820.1087036132812 304.82843017578125 911.05029296875
car 0.3598010241985321 1521.609619140625 635.201904296875 1667.756591796875 698.234375
car 0.35616615414619446 9.243925094604492 638.7156982421875 133.40455627441406 702.7755126953125
car 0.3478923439979553 614.5083618164062 781.241455078125 764.5045166015625 846.2417602539062
car 0.3005601763725281 393.83544921875 662.42724609375 475.34368896484375 720.7129516601562
