car 0.8449400663375854 174.09471130371094 905.9183959960938 416.1407165527344 1020.8970336914062
car 0.8334434628486633 752.1597900390625 876.3026123046875 966.17529296875 969.8645629882812
car 0.819544792175293 515.83203125 733.3992309570312 694.3599853515625 815.2493286132812
car 0.7825327515602112 867.2083129882812 796.5778198242188 1099.325439453125 907.08740234375
car 0.7365940809249878 1611.88525390625 723.2705688476562 1812.9598388671875 819.0149536132812
car 0.6789091229438782 62.79400634765625 760.3199462890625 256.52813720703125 851.0631103515625
car 0.6730921268463135 751.193115234375 733.8922119140625 917.3782348632812 808.5328979492188
car 0.593835711479187 852.4732055664062 618.5418090820312 972.84326171875 671.9069213867188
car 0.5878380537033081 97.73662567138672 789.3124389648438 265.7467956542969 882.57470703125
car 0.5792156457901001 651.4194946289062 819.5476684570312 858.3154296875 911.4315185546875
car 0.5582404136657715 1689.975341796875 805.3641967773438 1885.114990234375 905.7630615234375
car 0.5565162301063538 514.6956787109375 613.8392333984375 598.7579956054688 660.8173828125
car 0.549778938293457 353.7807922363281 620.8623657226562 455.7854309082031 670.0083618164062
car 0.5464022755622864 996.5888061523438 681.3526611328125 1129.3905029296875 748.92333984375
car 0.5313725471496582 146.11300659179688 848.2908325195312 332.5146179199219 928.3966674804688
car 0.5038607120513916 1131.815673828125 701.2672119140625 1257.954833984375 743.4810180664062
car 0.4568632245063782 713.0890502929688 847.0060424804688 887.3619384765625 940.8329467773438
car 0.43974003195762634 696.5082397460938 714.944580078125 863.2401733398438 788.37158203125
car 0.43717318773269653 1521.2440185546875 635.9900512695312 1667.723388671875 699.2454223632812
car 0.42549368739128113 12.692716598510742 655.6796875 160.20428466796875 744.6600952148438
car 0.4231264591217041 230.20819091796875 1018.5440063476562 479.50872802734375 1079.0
car 0.41083580255508423 10.63798999786377 637.5826416015625 134.97923278808594 698.9763793945312
car 0.4066771864891052 691.7310791015625 565.298828125 744.9359741210938 605.043701171875
car 0.3952013850212097 944.93505859375 660.02587890625 1059.9737548828125 717.984130859375
car 0.35498854517936707 743.272216796875 567.08935546875 801.2192993164062 602.7817993164062
car 0.35064253211021423 267.6906433105469 580.8331909179688 330.7734375 621.83349609375
car 0.33501580357551575 938.435546875 970.9705810546875 1073.578125 1076.9010009765625
car 0.31617459654808044 110.5370864868164 812.5360107421875 409.5323791503906 985.6768798828125
car 0.3098509609699249 75.19729614257812 821.5599975585938 238.52029418945312 900.8410034179688
car 0.3097236156463623 834.4974975585938 773.47509765625 994.271240234375 845.1304931640625
