car 0.8634149432182312 179.86981201171875 906.586181640625 413.9740295410156 1018.284423828125
car 0.8252899646759033 877.2609252929688 795.2870483398438 1094.3409423828125 899.9464721679688
car 0.8219249844551086 751.0217895507812 876.4503784179688 971.4154663085938 967.4070434570312
car 0.7557491660118103 1594.9967041015625 706.6810302734375 1827.8363037109375 812.51123046875
car 0.6858757734298706 751.9937133789062 730.5510864257812 918.8416748046875 809.4712524414062
car 0.667549729347229 99.15361785888672 790.0230712890625 264.5835266113281 881.5687255859375
car 0.6533922553062439 856.94873046875 618.7937622070312 974.8851928710938 675.4736938476562
car 0.6407483816146851 353.4282531738281 621.2286987304688 455.95782470703125 670.212646484375
car 0.6357483863830566 63.17755889892578 762.6578979492188 257.9982604980469 850.8427734375
car 0.5870875716209412 512.8584594726562 612.4417114257812 596.6485595703125 658.8296508789062
car 0.5859829783439636 182.16021728515625 667.1171264648438 244.94419860839844 718.0499267578125
car 0.5463386178016663 658.518310546875 820.8532104492188 856.4668579101562 910.2442016601562
car 0.5439693331718445 715.885986328125 847.591796875 885.8729248046875 942.5265502929688
car 0.5001468062400818 1128.538330078125 701.4279174804688 1257.3226318359375 743.0206909179688
car 0.49324437975883484 152.8587646484375 850.5892333984375 325.49249267578125 925.9315185546875
car 0.48987388610839844 1699.4354248046875 808.491943359375 1889.3111572265625 911.3015747070312
car 0.4541977047920227 23.482698440551758 689.968017578125 129.67225646972656 755.7086791992188
car 0.4539329409599304 1003.3677978515625 681.328369140625 1125.6834716796875 746.043212890625
car 0.45259103178977966 236.55433654785156 611.706787109375 345.2680969238281 655.9476928710938
car 0.44519346952438354 941.3501586914062 657.0542602539062 1058.68115234375 717.027099609375
car 0.43522220849990845 553.1178588867188 747.9251098632812 721.509033203125 816.9017944335938
car 0.4060504734516144 226.50009155273438 1016.6433715820312 482.61236572265625 1079.0
car 0.37338677048683167 614.537841796875 781.2213134765625 764.2882690429688 846.168212890625
car 0.36894625425338745 837.15869140625 770.7171020507812 990.8997192382812 847.4811401367188
car 0.35444575548171997 9.861454963684082 639.21826171875 134.2828369140625 702.0689086914062
car 0.3191882073879242 118.60202026367188 822.62890625 303.16253662109375 909.5496826171875
car 0.317640095949173 692.8388671875 564.6158447265625 743.5587768554688 603.479248046875
car 0.31538811326026917 1527.0223388671875 636.0244140625 1663.8651123046875 698.7490234375
car 0.3127326965332031 743.36083984375 566.6954956054688 800.704833984375 603.0225219726562
car 0.3069596290588379 631.230712890625 797.2496337890625 810.2537231445312 877.8929443359375
car 0.30027368664741516 14.853394508361816 639.9523315429688 252.9557342529297 746.3605346679688
