car 0.8545563220977783 176.7025604248047 905.326416015625 415.6575927734375 1019.1695556640625
car 0.806895911693573 752.967529296875 876.1133422851562 969.5075073242188 968.7632446289062
car 0.7990115284919739 875.903076171875 797.4193725585938 1099.092529296875 905.5200805664062
car 0.7889587879180908 516.0661010742188 731.8895874023438 694.7183227539062 815.95458984375
car 0.7536536455154419 1597.02001953125 718.9591064453125 1837.3614501953125 818.7724609375
car 0.664963960647583 62.87382888793945 758.948486328125 258.1225891113281 851.1099853515625
car 0.6458491086959839 749.1600952148438 732.9376831054688 918.3485717773438 807.8524169921875
car 0.642798662185669 855.367919921875 619.4122924804688 972.4798583984375 674.4852905273438
car 0.6385034918785095 100.26838684082031 788.2849731445312 264.06610107421875 882.2196044921875
car 0.5910077095031738 650.657958984375 820.0880126953125 859.2373046875 912.2471923828125
car 0.5876098871231079 513.7520141601562 613.5899047851562 597.4481201171875 660.1536254882812
car 0.5450173616409302 1130.199462890625 700.7130737304688 1259.26123046875 743.4727172851562
car 0.5346390604972839 997.5913696289062 680.5733032226562 1126.86181640625 747.5496215820312
car 0.5330706238746643 354.5403747558594 621.4656982421875 456.0801696777344 670.4981079101562
car 0.5055598616600037 153.19677734375 849.19091796875 327.5340881347656 927.76513671875
car 0.5039523839950562 1688.494873046875 804.0111694335938 1886.617919921875 906.2234497070312
car 0.4833274781703949 711.9447631835938 847.7623901367188 888.5557250976562 941.6907348632812
car 0.4389718770980835 22.44005584716797 684.687255859375 131.3981475830078 755.6024780273438
car 0.43625664710998535 696.1488647460938 714.7337646484375 864.836181640625 789.1127319335938
car 0.4303652346134186 942.3507080078125 658.3899536132812 1057.408935546875 717.3355102539062
car 0.421367883682251 228.38255310058594 1018.5386962890625 479.43463134765625 1079.0
car 0.41629427671432495 1519.8839111328125 634.1661987304688 1669.802978515625 697.09716796875
car 0.41619864106178284 12.809405326843262 658.1694946289062 130.59060668945312 729.5655517578125
car 0.4071987271308899 12.03094482421875 639.2437133789062 132.9372100830078 697.90576171875
car 0.35904762148857117 838.0581665039062 772.8363037109375 989.6796875 844.116455078125
car 0.351114422082901 616.9539794921875 781.8265380859375 762.1695556640625 847.9840698242188
car 0.34415996074676514 692.708984375 565.7599487304688 743.9000244140625 605.2503662109375
car 0.3220731317996979 116.74838256835938 820.2933349609375 305.0927429199219 911.697021484375
car 0.312789648771286 945.0587158203125 970.0430297851562 1123.7344970703125 1078.1868896484375
car 0.31069618463516235 743.3659057617188 566.2164916992188 801.6162109375 602.6347045898438
