car 0.8512001037597656 179.67491149902344 908.394775390625 414.09454345703125 1018.6544189453125
car 0.812187671661377 757.5863037109375 879.57275390625 965.6209106445312 970.3084106445312
car 0.8010472655296326 854.2362670898438 785.5694580078125 1028.2294921875 871.7263793945312
car 0.748473584651947 1600.2099609375 708.2803955078125 1822.8653564453125 812.364013671875
car 0.714705765247345 726.1842041015625 854.27490234375 916.873291015625 951.408935546875
car 0.6721290946006775 1449.14111328125 583.9421997070312 1586.1033935546875 630.2476196289062
car 0.6445244550704956 1691.085205078125 801.2755737304688 1881.963134765625 901.0809936523438
car 0.6395760178565979 102.92692565917969 791.4539184570312 264.60357666015625 879.5069580078125
car 0.6343137621879578 857.9473266601562 616.4100341796875 974.6084594726562 672.9609375
car 0.6292325854301453 754.895263671875 731.4152221679688 917.3151245117188 806.103759765625
car 0.6179155707359314 64.91514587402344 761.641845703125 255.9154815673828 847.4161987304688
car 0.6065788865089417 664.87890625 821.9419555664062 856.7098999023438 911.9177856445312
car 0.5935068130493164 515.216796875 612.0422973632812 598.4423217773438 658.7958374023438
car 0.5576406717300415 348.27587890625 620.0442504882812 456.544677734375 668.150146484375
car 0.5399858355522156 687.6292114257812 618.2946166992188 749.1793823242188 670.8659057617188
car 0.5303691029548645 1127.06982421875 699.5599365234375 1257.6651611328125 743.1431274414062
car 0.5034810900688171 150.2772674560547 850.1227416992188 329.4139709472656 927.0728759765625
car 0.47279027104377747 544.2423706054688 745.6196899414062 726.4396362304688 821.5037841796875
car 0.46106722950935364 1033.67333984375 684.5504760742188 1142.0216064453125 746.0553588867188
car 0.4358751177787781 944.7578735351562 657.3141479492188 1063.4173583984375 717.5349731445312
car 0.394260972738266 225.05459594726562 1016.5197143554688 481.6644287109375 1079.0
car 0.3404136896133423 693.8775024414062 563.5570678710938 740.981689453125 603.9832763671875
car 0.3401359021663666 117.5307846069336 823.2702026367188 305.6459045410156 907.3890380859375
car 0.33481457829475403 175.8294219970703 945.7684936523438 452.18499755859375 1064.1207275390625
car 0.3288984000682831 24.86199951171875 689.2877197265625 124.69679260253906 753.6344604492188
car 0.31796351075172424 997.59814453125 673.9161376953125 1121.018310546875 730.855224609375
car 0.3060331642627716 574.7767333984375 766.3855590820312 755.6571655273438 840.2236328125
