car 0.8561424612998962 176.48910522460938 906.6319580078125 414.8741760253906 1019.7791137695312
car 0.8308139443397522 752.8126220703125 876.5992431640625 966.4348754882812 969.9039916992188
car 0.8261449933052063 517.1452026367188 733.2213745117188 694.215087890625 815.1139526367188
car 0.780288577079773 866.6566162109375 796.4087524414062 1097.6571044921875 907.0270385742188
car 0.7784934043884277 1614.391845703125 723.1959228515625 1810.593017578125 820.66943359375
car 0.6847472190856934 62.2182502746582 760.8995971679688 255.55551147460938 851.955810546875
car 0.6769275665283203 750.9501953125 733.7210693359375 917.170654296875 808.7527465820312
car 0.5837262868881226 853.4163208007812 618.4078979492188 973.6883544921875 671.35791015625
car 0.5793985724449158 98.07721710205078 790.1024780273438 264.35382080078125 881.2398681640625
car 0.554841935634613 653.5943603515625 819.8934326171875 855.8544921875 911.3011474609375
car 0.5509029626846313 996.8519287109375 681.2684326171875 1129.884521484375 748.8901977539062
car 0.5459548830986023 1690.5672607421875 803.4322509765625 1884.93896484375 904.9148559570312
car 0.5127811431884766 1132.4532470703125 701.4859008789062 1256.6085205078125 744.5537719726562
car 0.5089282989501953 515.1968383789062 614.2576904296875 597.7710571289062 660.604248046875
car 0.5087233185768127 152.81622314453125 849.9065551757812 326.2459716796875 926.1663208007812
car 0.504143476486206 354.14996337890625 620.398193359375 458.84942626953125 669.3801879882812
car 0.4920147955417633 697.4732055664062 715.0982666015625 861.3448486328125 789.1935424804688
car 0.47909507155418396 715.6765747070312 846.91064453125 884.9791259765625 942.0198974609375
car 0.46310877799987793 12.519721984863281 654.3496704101562 159.22000122070312 745.55859375
car 0.4192540645599365 232.67001342773438 1018.7162475585938 478.58148193359375 1079.0
car 0.41886869072914124 691.4225463867188 565.3262939453125 745.201171875 605.2473754882812
car 0.4188596308231354 9.19563102722168 636.6172485351562 135.56724548339844 699.6143188476562
car 0.39120250940322876 949.748046875 981.4457397460938 1065.954345703125 1075.988525390625
car 0.37411049008369446 1521.34619140625 636.45654296875 1667.1488037109375 698.4616088867188
car 0.3648950755596161 943.6050415039062 661.2243041992188 1061.663330078125 718.6500854492188
car 0.3630509376525879 743.3974609375 566.9736938476562 801.3612670898438 602.1165771484375
car 0.35193702578544617 268.1160888671875 580.5966186523438 331.80059814453125 621.3755493164062
car 0.3114055395126343 616.1543579101562 781.4805908203125 764.721923828125 848.2257690429688
person 0.38231152296066284 52.376739501953125 845.3208618164062 86.04666137695312 921.9513549804688
