car 0.8609695434570312 180.08795166015625 906.6285400390625 413.69024658203125 1018.11474609375
car 0.8289331197738647 876.4765625 796.6000366210938 1094.165283203125 899.6948852539062
car 0.8207257390022278 751.2321166992188 876.9491577148438 972.5245361328125 967.2529296875
car 0.6972887516021729 1588.6922607421875 703.8651733398438 1830.026123046875 813.6422729492188
car 0.6772633790969849 98.41506958007812 789.0438842773438 263.5541076660156 881.6293334960938
car 0.6663337349891663 752.2194213867188 732.0106201171875 919.0497436523438 808.1209106445312
car 0.6623201370239258 62.44554138183594 762.0528564453125 259.2678527832031 852.3204345703125
car 0.6515306234359741 856.811767578125 618.655029296875 974.3577270507812 675.6544189453125
car 0.6221447587013245 352.6233825683594 621.3726196289062 456.23284912109375 670.490966796875
car 0.6019474864006042 512.81640625 612.6048583984375 597.6378173828125 659.0484008789062
car 0.562323808670044 658.232666015625 820.6002807617188 858.036376953125 910.094482421875
car 0.5574820637702942 715.8594360351562 847.3474731445312 886.3662109375 942.5491943359375
car 0.5456291437149048 1127.8978271484375 701.3140869140625 1258.46240234375 743.154541015625
car 0.4953904151916504 155.53611755371094 850.6744384765625 323.5414123535156 925.429931640625
car 0.4930921494960785 1692.4637451171875 799.9738159179688 1885.873046875 900.8582153320312
car 0.4684661030769348 234.69712829589844 611.33349609375 345.4752502441406 656.3272094726562
car 0.4620709717273712 942.554931640625 656.9840698242188 1058.531494140625 717.37890625
car 0.43993523716926575 1033.875 685.305419921875 1135.5855712890625 747.0259399414062
car 0.42766639590263367 24.14691925048828 689.2119140625 129.3906707763672 755.4004516601562
car 0.41849106550216675 553.171875 746.8298950195312 721.6148681640625 816.9354248046875
car 0.4035623073577881 226.94496154785156 1016.51025390625 481.775634765625 1079.0
car 0.3727973997592926 11.630724906921387 638.6939697265625 252.1995391845703 749.2540893554688
car 0.36830925941467285 837.7589111328125 771.5503540039062 989.1712036132812 843.734375
car 0.3595518469810486 8.836737632751465 637.8695678710938 136.15017700195312 704.1830444335938
car 0.354562371969223 614.8401489257812 781.1868286132812 764.8045043945312 845.038330078125
car 0.3378801643848419 693.7055053710938 564.6202392578125 744.177978515625 603.5682983398438
car 0.32976606488227844 1525.8404541015625 635.248046875 1665.1092529296875 698.85888671875
car 0.3178275525569916 744.8527221679688 566.9931030273438 799.8214721679688 602.4780883789062
car 0.31028133630752563 183.86532592773438 669.1786499023438 235.9615020751953 716.479736328125
car 0.3091585338115692 999.2948608398438 675.1304321289062 1121.70458984375 731.7044067382812
car 0.30727872252464294 118.76836395263672 822.7008666992188 302.8304443359375 908.8556518554688
car 0.3064723610877991 1558.8875732421875 659.4953002929688 1684.066650390625 718.7841796875
car 0.3020506203174591 629.8770141601562 796.8526000976562 812.4970092773438 878.4541015625
