car 0.8507925868034363 177.3070831298828 906.1522216796875 415.7275390625 1019.5022583007812
car 0.8159441351890564 871.48388671875 797.3399047851562 1100.702392578125 906.4022216796875
car 0.7974870204925537 753.8782958984375 877.922119140625 962.4667358398438 973.9105224609375
car 0.7958256006240845 517.041748046875 732.4686279296875 695.28759765625 814.781005859375
car 0.7455134391784668 1592.8211669921875 706.6885375976562 1830.4827880859375 813.0741577148438
car 0.6699670553207397 750.013671875 731.6383056640625 918.1990966796875 808.7530517578125
car 0.667041003704071 63.142791748046875 759.5699462890625 256.7202453613281 851.5084838867188
car 0.629753053188324 99.58507537841797 788.1549682617188 264.3582458496094 882.9458618164062
car 0.6119703054428101 853.7931518554688 618.0377197265625 973.2430419921875 672.1102905273438
car 0.5824723839759827 651.5049438476562 820.2349853515625 859.212158203125 913.126953125
car 0.569486677646637 997.4019775390625 680.580078125 1129.10498046875 747.8306274414062
car 0.5630889534950256 1131.68896484375 700.5577392578125 1257.9210205078125 743.0715942382812
car 0.5595524311065674 514.1455078125 614.1141967773438 597.0869140625 660.1249389648438
car 0.5531643033027649 350.90985107421875 620.6439819335938 458.4493408203125 669.5092163085938
car 0.5490279793739319 692.0369873046875 625.6812133789062 765.9057006835938 671.2553100585938
car 0.5213183760643005 1689.8480224609375 804.2869262695312 1886.601318359375 905.1990966796875
car 0.49848300218582153 153.3099365234375 848.9204711914062 327.8131408691406 927.0405883789062
car 0.45705488324165344 711.9441528320312 847.700439453125 888.6817626953125 940.2958374023438
car 0.44706472754478455 942.3804321289062 975.5400390625 1121.3565673828125 1077.6734619140625
car 0.4279524087905884 10.59127140045166 637.747314453125 135.0016632080078 699.1014404296875
car 0.424964040517807 943.3945922851562 658.4638671875 1059.3087158203125 718.0090942382812
car 0.42480480670928955 228.475830078125 1018.139892578125 480.6781311035156 1079.0
car 0.4224048852920532 1522.2852783203125 634.73974609375 1669.52099609375 699.4164428710938
car 0.416141152381897 13.180463790893555 655.7424926757812 132.19261169433594 731.8475952148438
car 0.3986757695674896 28.695138931274414 682.3572998046875 151.88954162597656 758.3630981445312
car 0.36707934737205505 696.3480834960938 716.028564453125 865.1956787109375 788.4601440429688
car 0.3625503182411194 838.1297607421875 772.7859497070312 988.2262573242188 843.2591552734375
car 0.33765435218811035 267.6467590332031 580.7840576171875 330.4892272949219 621.6857299804688
car 0.32485881447792053 117.5527572631836 820.7103881835938 305.7585144042969 910.5350341796875
car 0.3216167986392975 617.6875 782.8201293945312 762.3841552734375 847.5455932617188
person 0.3281542658805847 927.8980712890625 930.9493408203125 963.538330078125 1011.6626586914062
