car 0.8575270771980286 175.6500701904297 907.2777099609375 412.8834533691406 1021.9197998046875
car 0.8291622400283813 751.7911987304688 876.5963134765625 963.03515625 970.4605102539062
car 0.813239574432373 517.1442260742188 735.5758056640625 697.5903930664062 815.6004638671875
car 0.7858832478523254 859.7283935546875 795.0698852539062 1094.872314453125 904.4032592773438
car 0.7609662413597107 1617.4102783203125 723.8804321289062 1809.479736328125 820.793212890625
car 0.6956650614738464 753.6956787109375 734.9096069335938 917.1082153320312 807.5156860351562
car 0.6773074269294739 62.1023063659668 760.5765991210938 255.15402221679688 851.4439086914062
car 0.6197182536125183 1690.1890869140625 808.7418823242188 1879.9927978515625 912.4021606445312
car 0.6134951114654541 98.32921600341797 791.4559326171875 263.47235107421875 883.0323486328125
car 0.542386531829834 657.146484375 821.5271606445312 854.055908203125 910.1107788085938
car 0.5370299220085144 852.1119995117188 616.3840942382812 971.930419921875 669.8678588867188
car 0.5131029486656189 149.32810974121094 850.6220703125 327.7599792480469 926.3236694335938
car 0.5089916586875916 1128.117431640625 703.1690673828125 1261.5072021484375 745.553466796875
car 0.4967036843299866 514.1323852539062 614.621826171875 597.9019165039062 661.156494140625
car 0.4951106011867523 714.4934692382812 846.2389526367188 885.6153564453125 943.1417846679688
car 0.48170775175094604 1523.16796875 634.51708984375 1667.629150390625 700.6793823242188
car 0.4814383089542389 997.7001342773438 682.0336303710938 1129.482177734375 748.231201171875
car 0.4485580623149872 950.1503295898438 979.6448364257812 1060.5760498046875 1077.6875
car 0.4223036766052246 695.8866577148438 716.27587890625 861.306884765625 790.4915161132812
car 0.41604241728782654 688.0202026367188 565.0245971679688 746.387451171875 605.642333984375
car 0.41514459252357483 9.119325637817383 637.94677734375 134.25558471679688 700.5333251953125
car 0.4090973138809204 223.65440368652344 1018.7164306640625 486.85284423828125 1079.0
car 0.39660924673080444 352.2336730957031 621.1244506835938 460.3396911621094 668.886962890625
car 0.37549450993537903 944.4970092773438 662.0848999023438 1063.4686279296875 718.7002563476562
car 0.3714902102947235 20.197214126586914 684.16796875 127.82493591308594 757.2977294921875
car 0.3460387885570526 268.8365783691406 580.7478637695312 330.83587646484375 621.7339477539062
car 0.33886003494262695 740.1875610351562 566.5717163085938 803.1768188476562 602.0416259765625
car 0.3344881534576416 615.2152099609375 781.232421875 764.8150634765625 848.833251953125
car 0.32325586676597595 114.54486083984375 822.6532592773438 307.1396484375 909.840087890625
car 0.3200085461139679 4.993454456329346 652.7185668945312 157.86546325683594 741.5856323242188
