car 0.862057089805603 173.72335815429688 905.4652709960938 414.53485107421875 1019.2935180664062
car 0.8288807272911072 750.6763305664062 875.4030151367188 967.7325439453125 970.3910522460938
car 0.775053083896637 1614.287841796875 723.7533569335938 1810.390869140625 820.3305053710938
car 0.7362534999847412 747.8230590820312 732.8729858398438 916.778076171875 809.4201049804688
car 0.7349750995635986 868.6544189453125 795.6321411132812 1095.0770263671875 903.066162109375
car 0.7173047065734863 353.27984619140625 789.13134765625 457.75537109375 871.730224609375
car 0.7100820541381836 182.8744354248047 632.5975341796875 290.1876525878906 684.571044921875
car 0.6723263263702393 64.13203430175781 761.3510131835938 253.85276794433594 848.5004272460938
car 0.6191409230232239 103.71138763427734 789.8394775390625 264.1514892578125 881.1922607421875
car 0.5853093266487122 853.6949462890625 619.0146484375 973.5001831054688 671.17236328125
car 0.5643100738525391 1133.254638671875 700.984619140625 1256.5634765625 743.505126953125
car 0.5602405667304993 1001.3690185546875 681.135009765625 1127.455078125 748.078125
car 0.5567708611488342 515.4650268554688 613.9400634765625 597.4886474609375 659.995361328125
car 0.543936014175415 1690.58056640625 804.3814697265625 1885.4674072265625 903.824951171875
car 0.5419344902038574 662.5604858398438 820.4129028320312 851.9435424804688 910.1813354492188
car 0.5370667576789856 152.90493774414062 849.40625 327.6177673339844 927.126953125
car 0.5328035950660706 353.3879699707031 620.7792358398438 456.77862548828125 669.64404296875
car 0.510340690612793 716.0305786132812 846.7251586914062 885.3240966796875 942.6221923828125
car 0.47177430987358093 544.707275390625 743.82958984375 726.0247802734375 822.969482421875
car 0.44160890579223633 944.9412231445312 659.4019165039062 1057.4552001953125 718.0770874023438
car 0.4160478711128235 230.25685119628906 1019.1159057617188 479.8797912597656 1079.0
car 0.4086713194847107 12.44384765625 638.8927612304688 134.14102172851562 698.3901977539062
car 0.3891095519065857 13.347763061523438 656.8462524414062 129.69493103027344 729.7162475585938
car 0.3784541189670563 692.5413208007812 565.734375 742.793701171875 605.3159790039062
car 0.37825578451156616 1521.36328125 634.4689331054688 1666.983154296875 697.6041870117188
car 0.36799460649490356 20.636144638061523 683.3873901367188 128.92855834960938 756.2459716796875
car 0.35223323106765747 117.83491516113281 821.2970581054688 306.194580078125 909.2628784179688
car 0.34881553053855896 743.81103515625 566.4380493164062 801.8240356445312 603.0736083984375
car 0.32612746953964233 609.627685546875 778.6299438476562 768.5171508789062 847.6165771484375
car 0.31593191623687744 84.40553283691406 827.1243286132812 174.72250366210938 899.8515014648438
