car 0.8463510870933533 179.03990173339844 907.8138427734375 414.22259521484375 1018.4638671875
car 0.8204382658004761 760.7549438476562 878.4725952148438 967.31689453125 966.5062866210938
car 0.8069807887077332 851.3239135742188 784.1801147460938 1026.5106201171875 872.29345703125
car 0.8007162809371948 729.4365844726562 636.1046142578125 819.8978271484375 701.931884765625
car 0.7582042813301086 1598.86376953125 706.6582641601562 1823.9178466796875 811.1253662109375
car 0.6773219108581543 854.2926025390625 617.45361328125 976.3096313476562 676.0587768554688
car 0.6534421443939209 753.04150390625 730.8515014648438 917.2711791992188 807.5065307617188
car 0.6196421980857849 104.00162506103516 791.8421630859375 263.3113708496094 878.8497924804688
car 0.6114017963409424 354.5382995605469 620.9577026367188 453.8821105957031 668.5035400390625
car 0.6017583012580872 719.4534301757812 845.0389404296875 882.4229125976562 942.9034423828125
car 0.5998254418373108 63.874019622802734 761.0398559570312 257.82733154296875 848.2437133789062
car 0.5861043334007263 1688.2916259765625 799.0377197265625 1885.09130859375 901.96044921875
car 0.5766288638114929 513.5772094726562 612.0307006835938 596.69140625 658.5411987304688
car 0.5723268389701843 663.8335571289062 819.3280639648438 852.903564453125 908.5480346679688
car 0.5109776258468628 541.7173461914062 742.63818359375 726.7454223632812 821.6826782226562
car 0.5015565156936646 1104.0 697.203369140625 1246.702880859375 745.7112426757812
car 0.5008872747421265 152.2367401123047 848.9169311523438 327.9646911621094 926.990966796875
car 0.45020395517349243 940.1533203125 655.9013671875 1062.8255615234375 718.561767578125
car 0.41863855719566345 1033.904052734375 684.5896606445312 1139.034423828125 747.19775390625
car 0.3710196912288666 26.474287033081055 690.7868041992188 125.25257110595703 754.5262451171875
car 0.3695308566093445 1531.4307861328125 636.302734375 1661.3133544921875 699.1345825195312
car 0.36383020877838135 226.02662658691406 1016.2178955078125 482.82623291015625 1079.0
car 0.3576849102973938 635.9721069335938 799.7664794921875 806.3881225585938 875.6051025390625
car 0.3311905860900879 587.7360229492188 769.3270263671875 745.0978393554688 841.8331298828125
car 0.32548874616622925 1559.620361328125 658.9942016601562 1684.9239501953125 719.373779296875
car 0.31609123945236206 121.8174057006836 824.5812377929688 302.0037536621094 907.322509765625
car 0.30686983466148376 970.040771484375 661.6927490234375 1108.122314453125 740.3602294921875
person 0.36347031593322754 386.3692321777344 747.7120361328125 417.9756774902344 802.8720092773438
