car 0.8498480319976807 175.44314575195312 906.038818359375 415.0042419433594 1020.7132568359375
car 0.8305709362030029 752.98486328125 876.2048950195312 964.5596313476562 970.1845703125
car 0.8228264451026917 517.3475952148438 733.768798828125 695.5725708007812 815.5103149414062
car 0.7833675146102905 863.47998046875 795.7107543945312 1097.7901611328125 905.7589111328125
car 0.7693172097206116 1603.17626953125 721.7926025390625 1832.5081787109375 817.096435546875
car 0.6834191679954529 751.9762573242188 734.6569213867188 916.9437255859375 807.9852905273438
car 0.6285061240196228 66.89226531982422 762.7991943359375 252.05517578125 849.2686767578125
car 0.613257110118866 103.09961700439453 788.7411499023438 265.4919738769531 882.063720703125
car 0.5825920701026917 655.2001342773438 820.5338745117188 853.7366333007812 911.62646484375
car 0.5821219682693481 851.6725463867188 617.5092163085938 973.5137329101562 671.9281616210938
car 0.5344077944755554 514.8190307617188 613.579833984375 598.5189819335938 660.76611328125
car 0.5314964652061462 997.427490234375 681.857421875 1129.63671875 748.9834594726562
car 0.5285834074020386 1132.5146484375 701.8314208984375 1256.6683349609375 743.9618530273438
car 0.5071497559547424 1702.4080810546875 809.29443359375 1886.5201416015625 910.5321044921875
car 0.5052876472473145 352.9042663574219 620.39599609375 459.84234619140625 669.1051025390625
car 0.4939713776111603 154.29579162597656 849.5331420898438 327.1285095214844 926.0479736328125
car 0.47433197498321533 714.9497680664062 847.4908447265625 885.769775390625 941.5060424804688
car 0.44004344940185547 12.168920516967773 654.2562255859375 158.01905822753906 746.093505859375
car 0.4113367795944214 698.4540405273438 715.813232421875 861.2376098632812 787.1489868164062
car 0.40961864590644836 691.6444702148438 565.5567016601562 744.9845581054688 605.2767944335938
car 0.3996921181678772 230.30833435058594 1019.1158447265625 479.99359130859375 1079.0
car 0.3983403742313385 10.210674285888672 637.1336669921875 134.69180297851562 698.0617065429688
car 0.3887892961502075 267.2232971191406 582.4464111328125 331.18316650390625 622.123046875
car 0.3779965341091156 943.8167114257812 661.135498046875 1062.8460693359375 718.6004028320312
car 0.37591707706451416 1522.3756103515625 636.7200927734375 1666.9644775390625 698.5636596679688
car 0.34618619084358215 741.0194091796875 567.5233154296875 802.4334716796875 602.8099365234375
car 0.33818647265434265 940.912353515625 970.6519775390625 1069.096923828125 1078.469482421875
car 0.31578150391578674 119.16451263427734 821.1481323242188 306.4408874511719 907.9146728515625
car 0.30678799748420715 616.5699462890625 781.355712890625 764.1557006835938 848.509765625
person 0.5011993050575256 1.26011061668396 780.7177734375 36.45828628540039 850.21533203125
