car 0.8615754842758179 175.95501708984375 906.4550170898438 416.0013732910156 1020.2740478515625
car 0.8238261938095093 752.513427734375 876.5265502929688 968.7356567382812 969.4141845703125
car 0.8138172626495361 517.5130004882812 732.6493530273438 694.5081176757812 814.8115844726562
car 0.7985138893127441 872.0403442382812 797.765625 1099.1307373046875 906.6371459960938
car 0.7314873933792114 1600.1693115234375 721.5498046875 1833.5531005859375 817.34326171875
car 0.6764485239982605 751.486328125 732.1035766601562 917.2237548828125 808.7181396484375
car 0.6598671674728394 64.37222290039062 760.1035766601562 256.1886901855469 850.4559936523438
car 0.6307817697525024 100.012451171875 787.7242431640625 265.328125 882.8204345703125
car 0.6286658644676208 851.9675903320312 618.7388305664062 973.2969360351562 672.9722900390625
car 0.619255781173706 712.2077026367188 592.1651611328125 823.2396240234375 640.734619140625
car 0.5782198905944824 653.3944091796875 820.5317993164062 855.7886352539062 912.06103515625
car 0.5605103373527527 1131.909423828125 700.9785766601562 1258.3101806640625 743.4725952148438
car 0.5417702794075012 513.7610473632812 614.1625366210938 597.6500854492188 660.3124389648438
car 0.5367264151573181 998.9487915039062 681.5340576171875 1129.2828369140625 748.2001953125
car 0.5160886645317078 354.08026123046875 621.3909301757812 456.80340576171875 669.7861328125
car 0.5102145075798035 1690.864013671875 803.81640625 1886.6103515625 903.3532104492188
car 0.4997907280921936 153.37249755859375 849.3928833007812 327.87042236328125 927.3184814453125
car 0.4967730939388275 715.2401123046875 847.8953247070312 885.7750854492188 940.8447875976562
car 0.421387255191803 942.4526977539062 659.3271484375 1060.8861083984375 717.865966796875
car 0.41817086935043335 10.252297401428223 637.5132446289062 134.5297393798828 699.661376953125
car 0.4147994816303253 228.8766632080078 1018.2492065429688 479.99407958984375 1079.0
car 0.4036165475845337 22.1276798248291 683.3128051757812 130.77305603027344 757.093505859375
car 0.3866150379180908 697.4114990234375 715.6058959960938 864.1727905273438 790.06884765625
car 0.3748531639575958 7.3210344314575195 652.0128173828125 163.2117919921875 744.553466796875
car 0.36822614073753357 1519.17822265625 634.83837890625 1669.3026123046875 698.068359375
car 0.35474756360054016 837.0463256835938 772.5764770507812 991.1355590820312 844.9963989257812
car 0.3307919502258301 945.1046142578125 973.286865234375 1127.3785400390625 1078.10546875
car 0.3299996852874756 266.61328125 579.5750122070312 329.99237060546875 621.503173828125
car 0.32585078477859497 617.741943359375 782.7935791015625 763.5509033203125 848.646484375
car 0.32232987880706787 114.95765686035156 821.0105590820312 308.18682861328125 910.313720703125
person 0.3253750503063202 214.76882934570312 614.7832641601562 245.95071411132812 665.560791015625
