car 0.8537666201591492 176.6233673095703 906.0056762695312 415.43878173828125 1019.3020629882812
car 0.8213204145431519 752.4771118164062 876.4157104492188 969.3082275390625 969.259033203125
car 0.7985521554946899 873.3795776367188 796.6144409179688 1098.7701416015625 906.3847045898438
car 0.7921310663223267 515.8464965820312 732.407470703125 695.0150756835938 816.366455078125
car 0.7551471590995789 1234.2525634765625 589.79833984375 1340.80224609375 635.4241333007812
car 0.7313282489776611 1594.59814453125 705.8773803710938 1833.5390625 813.2110595703125
car 0.6650843024253845 64.80217742919922 759.6254272460938 255.8163604736328 851.8948364257812
car 0.6594730615615845 749.4251708984375 733.2017211914062 918.42431640625 808.4110717773438
car 0.6330164074897766 99.31560516357422 787.806884765625 264.5442810058594 883.1266479492188
car 0.619475781917572 853.7215576171875 618.2978515625 972.5107421875 673.4067993164062
car 0.5679464936256409 514.7918701171875 613.7889404296875 597.8765258789062 659.8369140625
car 0.5592524409294128 655.8968505859375 820.6300048828125 855.19873046875 909.5512084960938
car 0.553747296333313 1688.766357421875 805.2798461914062 1886.6778564453125 905.5540161132812
car 0.52854323387146 995.6998901367188 680.5784912109375 1127.0616455078125 747.9395141601562
car 0.5049663782119751 1129.4326171875 701.521240234375 1258.359375 744.7306518554688
car 0.500169038772583 357.1447448730469 620.89306640625 456.2447204589844 670.4864501953125
car 0.48656630516052246 714.694580078125 848.0614013671875 886.0643920898438 940.3137817382812
car 0.48201701045036316 153.7223663330078 848.9141235351562 327.8240661621094 926.6400146484375
car 0.4323734939098358 938.088623046875 977.4834594726562 1128.61767578125 1078.6795654296875
car 0.4196607768535614 1521.122802734375 633.4581909179688 1668.8331298828125 698.0804443359375
car 0.41806358098983765 696.5198364257812 715.9356079101562 863.9120483398438 790.3992309570312
car 0.41782113909721375 229.78961181640625 1017.9229736328125 480.0016174316406 1079.0
car 0.4147047996520996 944.806640625 658.4668579101562 1057.5531005859375 718.3132934570312
car 0.4089394211769104 10.234781265258789 637.9262084960938 134.93348693847656 699.8451538085938
car 0.40651601552963257 12.410141944885254 655.2780151367188 156.3959503173828 744.2024536132812
car 0.3936792016029358 692.1633911132812 565.6688842773438 743.189208984375 604.9476318359375
car 0.3558318316936493 617.2406616210938 781.2492065429688 761.917236328125 848.8599243164062
car 0.34531188011169434 837.2494506835938 772.4740600585938 990.1380004882812 844.0107421875
car 0.33872681856155396 743.8045043945312 566.6223754882812 801.1856079101562 602.5944213867188
car 0.32205289602279663 115.6141128540039 820.5096435546875 307.48193359375 910.5473022460938
