car 0.8644279837608337 179.09385681152344 906.344482421875 414.6360778808594 1019.3587036132812
car 0.8257523775100708 876.7493896484375 796.982421875 1092.00732421875 900.49365234375
car 0.8240730166435242 750.9638671875 876.98291015625 971.4216918945312 968.7439575195312
car 0.7438330054283142 1593.0604248046875 705.3585815429688 1833.845703125 813.5034790039062
car 0.7071114778518677 749.9827880859375 731.5781860351562 918.0300903320312 808.616455078125
car 0.6635876893997192 99.58589935302734 789.0964965820312 264.2149963378906 881.7450561523438
car 0.647858202457428 854.559814453125 619.5442504882812 974.5606689453125 674.5297241210938
car 0.6373634338378906 62.160865783691406 761.8934326171875 258.6160583496094 851.8463134765625
car 0.6014812588691711 514.1077270507812 613.3908081054688 596.902587890625 659.2447509765625
car 0.5746012926101685 354.2410583496094 621.0167236328125 454.3340148925781 670.7430419921875
car 0.568888783454895 1130.972412109375 700.9288940429688 1258.1563720703125 742.9072265625
car 0.5262441039085388 660.91455078125 821.1484375 857.01904296875 909.2338256835938
car 0.5241913795471191 714.8380737304688 847.8373413085938 887.253662109375 941.821533203125
car 0.5169953107833862 154.60084533691406 850.3439331054688 324.8916931152344 926.7338256835938
car 0.5117784738540649 1691.5703125 799.8638305664062 1886.006591796875 902.606689453125
car 0.4884810745716095 550.4561767578125 743.5352783203125 723.4696655273438 821.75537109375
car 0.4865138530731201 999.9288330078125 681.2808227539062 1125.1378173828125 746.3326416015625
car 0.45019984245300293 943.8285522460938 657.761474609375 1057.0052490234375 717.6763916015625
car 0.43980300426483154 235.5175018310547 612.2675170898438 345.6192626953125 656.1553344726562
car 0.42181724309921265 227.82876586914062 1017.220703125 479.96429443359375 1079.0
car 0.407041996717453 22.05083656311035 682.6474609375 131.84561157226562 757.0457763671875
car 0.4049871563911438 5.936488151550293 652.4661865234375 181.21754455566406 744.41357421875
car 0.3832947015762329 8.963618278503418 637.7535400390625 135.5565185546875 703.3541870117188
car 0.3687519431114197 839.073486328125 772.2897338867188 987.703857421875 843.1895141601562
car 0.3597303628921509 616.1734008789062 780.9756469726562 762.4927368164062 845.7410888671875
car 0.3572064936161041 1523.6087646484375 635.9238891601562 1665.6304931640625 697.8630981445312
car 0.33554843068122864 742.91943359375 565.7579956054688 801.8941650390625 603.2581787109375
car 0.3321872055530548 692.8834838867188 565.4036254882812 742.5387573242188 604.2172241210938
car 0.32543447613716125 118.40865325927734 821.4252319335938 303.0627136230469 910.141357421875
car 0.3026352822780609 394.4303894042969 662.6937866210938 475.85235595703125 720.6342163085938
car 0.30034005641937256 513.1593017578125 735.8052368164062 651.070068359375 818.3427124023438
