car 0.8576031923294067 177.78866577148438 904.2798461914062 414.5794372558594 1015.5866088867188
car 0.8161279559135437 758.9953002929688 877.424072265625 968.3152465820312 968.9225463867188
car 0.7564545273780823 858.9795532226562 786.2161254882812 1026.34521484375 872.2838745117188
car 0.7373170256614685 1610.79052734375 723.6050415039062 1814.6676025390625 817.5281982421875
car 0.6540830731391907 107.39144134521484 791.65576171875 265.0625305175781 879.537109375
car 0.6284430623054504 753.920654296875 732.2872314453125 918.0093994140625 805.90380859375
car 0.6070409417152405 856.1475830078125 616.5113525390625 974.9010009765625 671.6476440429688
car 0.6024914979934692 63.61370849609375 760.320556640625 256.13104248046875 848.2357788085938
car 0.5874549150466919 670.554931640625 820.0457153320312 858.8265380859375 911.99462890625
car 0.5862283110618591 1692.702392578125 801.8095703125 1883.54931640625 902.0410766601562
car 0.5830632448196411 730.7206420898438 848.82763671875 908.7704467773438 952.5252075195312
car 0.5801579356193542 513.1795654296875 609.4425659179688 597.8272094726562 655.6057739257812
car 0.5610849261283875 158.64736938476562 831.6048583984375 325.464599609375 904.781982421875
car 0.5175364017486572 654.3126831054688 603.214599609375 739.2782592773438 659.5763549804688
car 0.5119853019714355 1130.721923828125 698.8014526367188 1259.686767578125 742.1244506835938
car 0.4889429211616516 538.6201782226562 743.63232421875 731.2220458984375 820.820556640625
car 0.4624633491039276 946.7224731445312 654.8695068359375 1060.612548828125 719.0912475585938
car 0.45802873373031616 141.6918487548828 852.3603515625 363.7959289550781 956.7753295898438
car 0.4575778543949127 1037.0269775390625 682.87548828125 1140.143798828125 745.9522705078125
car 0.4168429970741272 355.3423767089844 618.7886962890625 454.4534912109375 667.8025512695312
car 0.399501234292984 223.94924926757812 988.3731689453125 491.3995056152344 1077.9705810546875
car 0.388112336397171 585.7544555664062 769.0885620117188 747.8432006835938 841.1831665039062
car 0.33187344670295715 998.26904296875 672.871337890625 1121.9122314453125 732.3035278320312
car 0.3155895173549652 86.98565673828125 828.013916015625 172.90011596679688 897.43115234375
car 0.30873093008995056 8.341538429260254 638.3545532226562 135.87359619140625 696.6893920898438
car 0.3028925061225891 695.6556396484375 561.306884765625 740.692138671875 599.7013549804688
person 0.3000756800174713 475.62713623046875 750.0823974609375 507.43426513671875 809.3336181640625
