car 0.8583565354347229 174.22906494140625 907.5857543945312 413.01593017578125 1022.6655883789062
car 0.8326746821403503 752.1935424804688 877.4511108398438 962.9537963867188 970.415283203125
car 0.8071328401565552 515.7977905273438 736.0023193359375 697.0081787109375 815.7307739257812
car 0.7920182943344116 1608.195068359375 721.3296508789062 1831.521240234375 819.0479125976562
car 0.7919561862945557 859.5968017578125 795.458740234375 1096.5322265625 902.7389526367188
car 0.7092149257659912 752.8563232421875 735.7503051757812 917.501953125 806.6946411132812
car 0.7025431394577026 62.12747573852539 759.4882202148438 256.3719787597656 852.9473876953125
car 0.6384550929069519 95.54021453857422 790.12841796875 263.41900634765625 884.9118041992188
car 0.5677708387374878 1690.09765625 808.9805297851562 1881.37060546875 913.1393432617188
car 0.5479170680046082 855.36328125 616.9534301757812 972.8687744140625 669.1962280273438
car 0.5227881073951721 655.39013671875 822.2276000976562 854.3902587890625 909.6912231445312
car 0.5135812163352966 145.94027709960938 850.45703125 330.3182373046875 927.5524291992188
car 0.5091327428817749 513.2979125976562 614.861572265625 598.526611328125 661.5448608398438
car 0.5007364153862 715.9622802734375 846.3965454101562 884.4537353515625 943.6431884765625
car 0.5004940629005432 993.4715576171875 680.916015625 1132.77734375 749.5140380859375
car 0.4999653697013855 350.33746337890625 620.7964477539062 459.7148742675781 671.0181884765625
car 0.49509304761886597 1124.104248046875 703.28076171875 1262.26220703125 745.8799438476562
car 0.4614085555076599 8.382702827453613 637.7576293945312 134.1045379638672 700.0494995117188
car 0.41355323791503906 939.26953125 969.2044067382812 1063.0943603515625 1077.756591796875
car 0.3987828493118286 21.884563446044922 686.0978393554688 126.07553100585938 757.2474365234375
car 0.39746740460395813 223.50326538085938 1018.1730346679688 486.2204284667969 1079.0
car 0.38819438219070435 687.0809936523438 564.6508178710938 748.1138305664062 606.5270385742188
car 0.38702481985092163 696.3784790039062 717.0689086914062 861.314697265625 789.5185546875
car 0.35619425773620605 615.59521484375 782.2379760742188 763.0084838867188 849.2117309570312
car 0.3542240560054779 267.54278564453125 580.9627685546875 329.8843688964844 621.806884765625
car 0.3521418571472168 942.8490600585938 662.1143188476562 1065.156005859375 719.8819580078125
car 0.35060304403305054 112.46109008789062 822.5049438476562 306.9210205078125 910.943603515625
car 0.34891465306282043 628.7106323242188 803.0022583007812 790.8256225585938 895.708984375
car 0.3452884554862976 10.635641098022461 654.2703247070312 150.76011657714844 741.6930541992188
car 0.32592856884002686 1524.0806884765625 636.0015258789062 1667.1787109375 701.56884765625
car 0.31799545884132385 1044.9156494140625 692.526123046875 1170.135986328125 747.8638305664062
