car 0.8553063869476318 180.05099487304688 907.3815307617188 413.527587890625 1019.37939453125
car 0.8214225769042969 761.6868896484375 878.1616821289062 967.4696044921875 966.2763061523438
car 0.7997373938560486 1327.3211669921875 587.3728637695312 1459.6689453125 629.1099243164062
car 0.7943300008773804 850.3671875 784.1395874023438 1026.7596435546875 872.6475830078125
car 0.7277845144271851 1598.5374755859375 705.862548828125 1822.2783203125 810.9766845703125
car 0.671656608581543 730.0860595703125 850.86474609375 908.18017578125 952.6834106445312
car 0.6650101542472839 752.3239135742188 731.77197265625 918.2208251953125 806.678466796875
car 0.6634296178817749 857.7730712890625 617.827392578125 975.060546875 676.1469116210938
car 0.633421003818512 104.65150451660156 790.2491455078125 263.1479187011719 879.3707275390625
car 0.6278256177902222 65.20613098144531 759.8104858398438 256.8952941894531 848.31591796875
car 0.6233165860176086 351.9683837890625 620.7940063476562 454.4113464355469 669.211181640625
car 0.6194441318511963 1690.122802734375 801.5257568359375 1884.20068359375 901.3404541015625
car 0.5956230759620667 668.2006225585938 819.3992309570312 851.741943359375 909.4755249023438
car 0.5715615749359131 701.3134765625 626.2723999023438 774.4242553710938 683.2835083007812
car 0.5572324991226196 513.3858642578125 612.5397338867188 597.7587280273438 659.3369750976562
car 0.5372039079666138 151.81809997558594 848.9358520507812 327.5814208984375 928.0850219726562
car 0.49674156308174133 542.8526611328125 743.2192993164062 728.0252075195312 821.4462280273438
car 0.4750499427318573 941.4501342773438 655.6426391601562 1060.4156494140625 718.1410522460938
car 0.47168996930122375 1103.0587158203125 697.59619140625 1247.5198974609375 746.2212524414062
car 0.4333597421646118 1034.68115234375 684.24755859375 1137.0972900390625 746.6346435546875
car 0.40497633814811707 1524.9334716796875 635.0850830078125 1664.6910400390625 700.8071899414062
car 0.38170096278190613 224.00340270996094 1016.5442504882812 483.47454833984375 1079.0
car 0.3771398365497589 619.819580078125 778.1857299804688 760.3984375 847.0099487304688
car 0.3473198711872101 25.67152214050293 690.5652465820312 125.37796783447266 754.4205932617188
car 0.33042773604393005 633.21630859375 797.9876708984375 808.6026000976562 878.01806640625
car 0.32462891936302185 122.80607604980469 823.0752563476562 300.82574462890625 908.97216796875
car 0.31587904691696167 1556.1051025390625 657.368896484375 1689.0899658203125 720.1973266601562
car 0.30961737036705017 175.6841583251953 943.4564208984375 451.5885925292969 1063.291015625
car 0.3032752275466919 1001.4140625 673.9793701171875 1118.0643310546875 732.5711669921875
