car 0.8606526851654053 174.714111328125 906.208984375 416.5604248046875 1018.43994140625
car 0.8262066841125488 754.0597534179688 876.6748657226562 967.7025146484375 969.7589721679688
car 0.7878602743148804 874.0380249023438 798.1563110351562 1098.2032470703125 903.578125
car 0.7571681141853333 408.6036376953125 849.4614868164062 526.5827026367188 953.9886474609375
car 0.75243079662323 1595.6571044921875 720.535400390625 1835.20263671875 817.9273071289062
car 0.6954554319381714 493.15203857421875 750.7394409179688 688.3379516601562 847.0203857421875
car 0.6539872884750366 751.7855834960938 734.3936157226562 917.720947265625 806.9326782226562
car 0.6299368739128113 64.94266510009766 760.9631958007812 255.19805908203125 848.9664916992188
car 0.6290092468261719 196.01377868652344 633.2387084960938 298.48883056640625 686.4000244140625
car 0.6217024326324463 102.98370361328125 788.7604370117188 264.576416015625 882.0836791992188
car 0.602940559387207 854.3126220703125 618.5426635742188 971.572509765625 672.6567993164062
car 0.5857926607131958 515.1005249023438 614.1051635742188 597.3343505859375 659.8067626953125
car 0.585071861743927 657.0166015625 821.0079956054688 854.2628784179688 912.7110595703125
car 0.559197723865509 996.9440307617188 680.9088134765625 1127.6300048828125 748.0736083984375
car 0.5572263598442078 1130.7410888671875 700.57080078125 1258.4444580078125 742.6337890625
car 0.5317646265029907 153.85740661621094 848.5096435546875 326.67510986328125 928.2809448242188
car 0.5310136079788208 1688.5936279296875 804.3511962890625 1887.99560546875 905.3497924804688
car 0.5256450176239014 353.3720703125 621.8583984375 458.3388977050781 670.7098388671875
car 0.5138904452323914 714.5396728515625 847.1061401367188 886.0289306640625 941.9825439453125
car 0.456736296415329 943.5980834960938 658.67626953125 1058.40478515625 717.3361206054688
car 0.448446124792099 231.2109375 1018.5813598632812 479.2611083984375 1079.0
car 0.4230045974254608 21.22340202331543 682.2333374023438 132.6794891357422 756.7615356445312
car 0.42118245363235474 11.462577819824219 638.2835083007812 134.16546630859375 699.0699462890625
car 0.417438268661499 623.9901123046875 801.3698120117188 806.0611572265625 891.343994140625
car 0.4081241488456726 1520.8902587890625 633.675048828125 1669.54736328125 697.996337890625
car 0.3758743107318878 837.3869018554688 772.636474609375 990.3641967773438 844.6361083984375
car 0.3642255663871765 699.9954223632812 715.6599731445312 863.335693359375 786.3651733398438
car 0.3543810546398163 615.8273315429688 780.737060546875 764.412353515625 849.4992065429688
car 0.34790340065956116 117.53899383544922 820.4981079101562 306.2948913574219 910.2930297851562
car 0.3402225077152252 691.480224609375 565.095458984375 743.0149536132812 604.820068359375
car 0.3062480688095093 397.61993408203125 663.3602294921875 477.23883056640625 719.3202514648438
