car 0.8622159957885742 175.06549072265625 904.4950561523438 415.05657958984375 1019.7870483398438
car 0.8166870474815369 753.0553588867188 875.789794921875 967.7745361328125 969.1231689453125
car 0.7961093783378601 397.155029296875 794.9684448242188 570.48046875 902.7723388671875
car 0.7874400615692139 871.0142211914062 797.0032958984375 1095.4271240234375 903.412353515625
car 0.7463968992233276 1612.0478515625 722.833740234375 1812.80517578125 819.6439819335938
car 0.7246580123901367 529.5728149414062 735.0775756835938 689.2916870117188 813.2728271484375
car 0.6796087622642517 63.0513801574707 758.7710571289062 256.8872375488281 849.6006469726562
car 0.661764919757843 751.3582153320312 733.986328125 916.91650390625 808.1173706054688
car 0.6023284196853638 102.35922241210938 787.368408203125 264.26751708984375 881.90185546875
car 0.5870461463928223 852.788330078125 618.2982788085938 973.3292236328125 672.1726684570312
car 0.5806098580360413 1689.1962890625 803.8658447265625 1889.089599609375 905.640380859375
car 0.5564571619033813 655.1246337890625 821.433837890625 854.3777465820312 910.4804077148438
car 0.5557051301002502 514.47216796875 614.4481811523438 597.9776611328125 660.1961669921875
car 0.524361789226532 1132.68896484375 701.2122192382812 1257.068115234375 743.5201416015625
car 0.5164766907691956 154.0036163330078 848.0257568359375 326.5261535644531 929.7013549804688
car 0.5138925909996033 716.6322631835938 848.3662109375 885.26025390625 940.9371948242188
car 0.5117843747138977 353.5960998535156 621.7999877929688 460.29888916015625 669.7536010742188
car 0.4781390130519867 995.9241943359375 680.8751220703125 1126.97900390625 747.3292236328125
car 0.44876405596733093 199.95545959472656 656.4800415039062 264.5006103515625 713.9517211914062
car 0.44224780797958374 942.7721557617188 658.6171264648438 1059.30517578125 718.417236328125
car 0.436901330947876 13.656113624572754 657.0164794921875 129.29530334472656 730.4148559570312
car 0.42451414465904236 697.7115478515625 716.0301513671875 862.1635131835938 787.431396484375
car 0.4111003279685974 22.261043548583984 681.7186889648438 128.44512939453125 758.814697265625
car 0.4014822840690613 10.170909881591797 637.5670776367188 134.89161682128906 699.932373046875
car 0.383894681930542 615.5847778320312 782.145263671875 762.9217529296875 847.4915161132812
car 0.37956199049949646 232.98660278320312 1020.2445068359375 476.8238830566406 1079.0
car 0.36360087990760803 265.4490966796875 580.1647338867188 330.2472229003906 621.52783203125
car 0.35965606570243835 836.2951049804688 772.6270751953125 990.8649291992188 846.0276489257812
car 0.34507519006729126 692.22802734375 565.2409057617188 742.6934814453125 604.0153198242188
car 0.32937538623809814 118.52355194091797 819.8681030273438 305.2425537109375 911.8036499023438
car 0.3124753534793854 744.0113525390625 565.9723510742188 800.41748046875 602.281494140625
