car 0.859123706817627 179.22357177734375 908.5972290039062 414.0260314941406 1017.4583740234375
car 0.8288251757621765 759.100830078125 879.5520629882812 969.8554077148438 969.2024536132812
car 0.7669498324394226 857.5145874023438 786.6357421875 1027.8218994140625 870.939453125
car 0.7466951012611389 1596.3582763671875 707.8868408203125 1823.3302001953125 813.7547607421875
car 0.682963490486145 725.4255981445312 854.7277221679688 918.946044921875 950.6165771484375
car 0.6428266167640686 103.59282684326172 792.2748413085938 265.0429992675781 880.0157470703125
car 0.641290545463562 1694.0631103515625 802.37109375 1880.32470703125 903.7192993164062
car 0.6260181665420532 515.0380249023438 610.5296630859375 598.5860595703125 657.2086181640625
car 0.6220545768737793 753.4225463867188 733.3928833007812 917.40869140625 804.4642944335938
car 0.6135226488113403 65.40650939941406 762.1090087890625 254.34141540527344 847.10546875
car 0.5838977098464966 665.9635620117188 821.6536865234375 859.0826416015625 911.2881469726562
car 0.566042423248291 350.1769714355469 619.2445068359375 454.95257568359375 668.8298950195312
car 0.5468926429748535 861.5322265625 613.65869140625 970.2863159179688 671.9853515625
car 0.5432960391044617 148.6446990966797 848.6200561523438 330.1842346191406 928.9551391601562
car 0.541301965713501 1127.1279296875 699.1002197265625 1259.4295654296875 742.3607177734375
car 0.48938867449760437 1037.0501708984375 684.4747314453125 1145.68701171875 746.3327026367188
car 0.48755699396133423 684.78076171875 613.3468627929688 741.3782958984375 663.0776977539062
car 0.46104809641838074 546.451416015625 744.5634155273438 722.637939453125 821.4426879882812
car 0.4396207630634308 944.4324951171875 656.5802612304688 1064.0006103515625 717.6476440429688
car 0.3893827795982361 223.15452575683594 1016.6273193359375 482.4626770019531 1079.0
car 0.3815382719039917 116.36139678955078 821.198974609375 305.9115905761719 909.2300415039062
car 0.3405853509902954 611.9295043945312 778.8385009765625 766.2335205078125 846.9733276367188
car 0.3312583267688751 176.7186737060547 945.8191528320312 451.8116760253906 1063.2724609375
car 0.3155866265296936 86.68971252441406 826.1395874023438 173.5430450439453 897.3046875
car 0.3073982000350952 991.933837890625 672.82177734375 1126.433349609375 729.2906494140625
car 0.30394116044044495 24.359760284423828 687.7569580078125 123.54169464111328 752.73828125
car 0.30277782678604126 6.5734663009643555 638.2556762695312 136.4099884033203 695.9369506835938
