car 0.8573603630065918 173.3907928466797 904.7633056640625 414.9881896972656 1019.1547241210938
car 0.8270712494850159 752.2785034179688 876.543212890625 969.8148803710938 968.7012939453125
car 0.7892643213272095 875.14404296875 797.7674560546875 1100.86083984375 904.6101684570312
car 0.7829797863960266 517.2478637695312 732.6024169921875 695.404296875 814.7691650390625
car 0.7478475570678711 1453.414306640625 587.7846069335938 1579.0897216796875 633.4422607421875
car 0.7474700808525085 1597.5185546875 719.937744140625 1834.64599609375 818.4080200195312
car 0.6616788506507874 63.64928436279297 759.3844604492188 256.924072265625 851.4878540039062
car 0.6508896946907043 750.671142578125 733.3958129882812 918.4712524414062 808.2361450195312
car 0.640318751335144 408.08758544921875 822.1881713867188 544.5201416015625 924.72314453125
car 0.6352910995483398 99.54969024658203 787.015869140625 265.302490234375 883.6134643554688
car 0.6084070801734924 852.5599365234375 618.510986328125 972.8909301757812 672.5514526367188
car 0.5578842163085938 656.97216796875 820.9961547851562 855.228271484375 908.8546752929688
car 0.5536741018295288 513.8477783203125 614.0177001953125 598.32958984375 660.401123046875
car 0.5435483455657959 1129.0074462890625 700.7325439453125 1257.4722900390625 744.4624633789062
car 0.5331372022628784 353.5925598144531 621.228515625 458.2264404296875 670.016845703125
car 0.5220744609832764 1689.70166015625 803.7332763671875 1887.389404296875 903.8912963867188
car 0.5044184327125549 997.0909423828125 680.9834594726562 1127.2000732421875 747.6514892578125
car 0.49889975786209106 714.9232177734375 848.2816772460938 886.3067626953125 939.8768310546875
car 0.4937407970428467 153.0813751220703 848.9443969726562 327.3866882324219 927.39453125
car 0.435155987739563 943.3303833007812 659.0816650390625 1059.1007080078125 717.8309326171875
car 0.4228014349937439 12.745339393615723 654.1867065429688 156.62606811523438 744.0654296875
car 0.41616421937942505 696.3267822265625 715.5340576171875 864.30615234375 788.4070434570312
car 0.4149577021598816 230.83901977539062 1019.8597412109375 478.5799560546875 1079.0
car 0.41488179564476013 1521.7066650390625 635.9041748046875 1669.66796875 697.3873291015625
car 0.41126126050949097 10.634583473205566 637.1495361328125 135.41744995117188 700.2405395507812
car 0.3974702060222626 692.3888549804688 565.7643432617188 744.3406982421875 605.072998046875
car 0.3625783920288086 836.97216796875 772.1882934570312 990.864990234375 843.6349487304688
car 0.36210551857948303 617.2706909179688 781.8355712890625 761.3838500976562 847.7611083984375
car 0.3439841866493225 744.6741943359375 567.1799926757812 801.0491943359375 603.2129516601562
car 0.34316733479499817 949.2551879882812 981.8951416015625 1066.607666015625 1078.3934326171875
car 0.3422037661075592 115.94125366210938 820.1763916015625 306.0155944824219 912.1513061523438
car 0.33200424909591675 267.89251708984375 580.8067016601562 330.75384521484375 622.1968994140625
car 0.3162607252597809 628.8717041015625 802.0396728515625 794.046630859375 894.3106079101562
