car 0.8547429442405701 177.08570861816406 905.861328125 416.6822814941406 1019.4881591796875
car 0.8358583450317383 754.0807495117188 878.3823852539062 968.3817138671875 970.3631591796875
car 0.7909075021743774 516.56884765625 732.306640625 692.5282592773438 815.7462768554688
car 0.7829279899597168 874.5048217773438 797.5603637695312 1101.94384765625 900.7747802734375
car 0.7470430731773376 1594.5504150390625 720.3890380859375 1833.1890869140625 818.1001586914062
car 0.668547511100769 863.5957641601562 990.2242431640625 1082.2198486328125 1079.0
car 0.667344331741333 750.1658325195312 732.9030151367188 917.7699584960938 808.856689453125
car 0.6669002175331116 63.23280715942383 759.8984985351562 256.0479431152344 850.6957397460938
car 0.6110553741455078 852.8093872070312 617.6941528320312 972.5349731445312 672.8827514648438
car 0.6029220223426819 101.3340835571289 787.7242431640625 264.72509765625 882.476806640625
car 0.588912844657898 514.3092041015625 613.814453125 597.98876953125 661.4427490234375
car 0.5745742321014404 658.466796875 820.9923706054688 853.9940795898438 909.7774047851562
car 0.5640196800231934 1131.8177490234375 700.8814086914062 1257.306396484375 743.6973266601562
car 0.5596811175346375 327.3280029296875 754.203125 436.4345703125 842.2116088867188
car 0.544995129108429 1698.6268310546875 807.8097534179688 1890.5780029296875 910.2240600585938
car 0.5375799536705017 352.1940002441406 621.3931884765625 457.6109924316406 670.1029052734375
car 0.5184019804000854 999.0292358398438 681.753173828125 1126.6466064453125 746.8805541992188
car 0.5134907364845276 716.8932495117188 847.2293090820312 884.0367431640625 939.2850952148438
car 0.488995224237442 152.14479064941406 848.4237060546875 329.9387512207031 927.1273803710938
car 0.45295098423957825 697.0866088867188 714.7147216796875 862.6718139648438 789.3689575195312
car 0.4324979782104492 943.3645629882812 659.509521484375 1058.849365234375 718.3893432617188
car 0.4197821021080017 229.5729522705078 1018.9492797851562 479.2432861328125 1079.0
car 0.4172871708869934 12.03736686706543 654.6864013671875 157.33511352539062 744.22216796875
car 0.4120014011859894 9.701897621154785 637.587158203125 135.3957977294922 700.0995483398438
car 0.40904077887535095 1597.0303955078125 581.46875 1708.77099609375 627.0889282226562
car 0.3970169425010681 691.6373291015625 565.235595703125 743.9991455078125 604.8167724609375
car 0.35548368096351624 744.1066284179688 566.7037963867188 801.5673217773438 603.1643676757812
car 0.3551464080810547 836.4677734375 772.6839599609375 991.5228271484375 844.3883056640625
car 0.34799453616142273 618.2026977539062 781.8976440429688 761.0924682617188 847.5654907226562
car 0.33630046248435974 1519.1197509765625 634.7139892578125 1667.6478271484375 698.545654296875
car 0.32888898253440857 395.7237243652344 662.6150512695312 480.3417663574219 720.7752075195312
