car 0.861991286277771 175.65145874023438 907.3743286132812 414.65618896484375 1018.5413208007812
car 0.8366625905036926 753.614013671875 877.8067626953125 965.1878051757812 970.2252807617188
car 0.7870659232139587 518.7296142578125 733.8076782226562 694.3152465820312 813.9033813476562
car 0.7824878096580505 873.2908325195312 798.0100708007812 1097.7835693359375 902.842041015625
car 0.751706063747406 1613.16064453125 723.2111206054688 1811.4522705078125 819.861328125
car 0.680049479007721 63.906211853027344 760.29052734375 255.63900756835938 849.7037353515625
car 0.6641892194747925 253.95248413085938 694.3055419921875 339.7116394042969 765.8369140625
car 0.6341128945350647 752.416259765625 733.5784301757812 917.3492431640625 808.4220581054688
car 0.6203786134719849 852.63134765625 618.834228515625 973.2438354492188 672.9649658203125
car 0.6137256026268005 99.79417419433594 787.4832153320312 265.98577880859375 881.8790283203125
car 0.59343022108078 431.90679931640625 845.4154052734375 566.0010986328125 967.6669311523438
car 0.5657768845558167 662.5396728515625 822.1273803710938 852.4796142578125 910.3695678710938
car 0.5401030778884888 1689.975341796875 803.7868041992188 1885.3743896484375 903.974365234375
car 0.5367298126220703 1129.6729736328125 701.4049072265625 1259.3260498046875 744.0038452148438
car 0.5365567803382874 514.1008911132812 613.7051391601562 599.2423706054688 661.31103515625
car 0.5189284682273865 715.9908447265625 847.9412841796875 885.103271484375 939.522216796875
car 0.5089741349220276 1031.974365234375 685.36669921875 1137.16064453125 748.8999633789062
car 0.5069287419319153 351.6404113769531 620.757568359375 459.5409851074219 670.1389770507812
car 0.491599977016449 153.34173583984375 848.919921875 327.8323974609375 926.2684326171875
car 0.43903785943984985 228.85183715820312 1019.491943359375 481.1662902832031 1079.0
car 0.4385039210319519 943.40966796875 658.760498046875 1059.5218505859375 719.0256958007812
car 0.4355580508708954 696.0880126953125 714.9887084960938 862.8167114257812 789.1849975585938
car 0.4248902201652527 27.817577362060547 683.5634155273438 154.4564666748047 758.432861328125
car 0.41728439927101135 11.598998069763184 638.3783569335938 134.4412078857422 699.7096557617188
car 0.38613995909690857 692.705078125 566.52490234375 743.5274658203125 605.3380737304688
car 0.3805273175239563 1518.76220703125 634.8045654296875 1668.3048095703125 696.4588012695312
car 0.37304040789604187 616.867919921875 781.9341430664062 762.7052612304688 847.6168823242188
car 0.3519103527069092 744.2479858398438 566.1140747070312 799.7167358398438 602.7056274414062
car 0.34318554401397705 835.707275390625 772.5850830078125 991.883056640625 845.4156494140625
car 0.31045544147491455 629.5241088867188 801.7689819335938 794.3316040039062 894.5285034179688
