car 0.8510872721672058 175.25692749023438 907.3546142578125 412.54888916015625 1019.260498046875
car 0.8339184522628784 753.3763427734375 876.7984008789062 966.1316528320312 969.746826171875
car 0.8295687437057495 517.0552978515625 733.4625854492188 693.6317749023438 814.3602905273438
car 0.7812519073486328 868.6984252929688 796.8485107421875 1099.385009765625 906.0711669921875
car 0.7472675442695618 1601.4266357421875 721.9863891601562 1833.557373046875 817.939453125
car 0.6658185720443726 750.700439453125 733.6629028320312 917.5348510742188 808.1312255859375
car 0.6564778685569763 64.1568603515625 761.2236328125 253.83798217773438 849.0397338867188
car 0.6134806275367737 852.4835205078125 618.4508666992188 973.3427734375 671.4896850585938
car 0.6069315671920776 101.59041595458984 789.1383666992188 264.8609619140625 882.014404296875
car 0.5680270791053772 652.3162231445312 820.5159912109375 856.2083740234375 911.2822265625
car 0.5668643712997437 1690.77783203125 804.3114624023438 1886.1358642578125 906.4257202148438
car 0.5651628971099854 1131.4013671875 701.2001342773438 1259.432861328125 743.6829833984375
car 0.5412778854370117 354.0299377441406 621.4009399414062 459.06475830078125 670.3452758789062
car 0.5407674312591553 995.8994750976562 680.7730102539062 1130.3212890625 749.128662109375
car 0.5298546552658081 514.8081665039062 613.6854248046875 597.2926025390625 659.80322265625
car 0.49678143858909607 154.97091674804688 849.462890625 324.528564453125 925.9798583984375
car 0.4704384207725525 714.4457397460938 847.8929443359375 885.716064453125 940.5933837890625
car 0.43580588698387146 696.9221801757812 714.9568481445312 863.2926025390625 788.7201538085938
car 0.4299010932445526 229.3456573486328 1019.2139282226562 480.5340270996094 1079.0
car 0.42876172065734863 11.631922721862793 653.7900390625 155.61070251464844 744.6715087890625
car 0.4237746298313141 690.7411499023438 565.2142944335938 744.7260131835938 605.5916137695312
car 0.4219711124897003 10.499974250793457 637.5646362304688 135.16737365722656 699.4796752929688
car 0.39161911606788635 942.2256469726562 660.7606201171875 1061.1947021484375 717.66748046875
car 0.38843417167663574 1522.2459716796875 634.9349975585938 1668.78125 700.4295043945312
car 0.37569522857666016 741.8455200195312 566.3246459960938 802.3002319335938 603.0196533203125
car 0.37295782566070557 268.2207336425781 580.8956298828125 330.52471923828125 621.5795288085938
car 0.35411569476127625 939.61572265625 970.2720336914062 1070.87451171875 1076.3486328125
car 0.32066667079925537 835.6118774414062 773.5856323242188 993.0411987304688 844.6951293945312
car 0.3142140209674835 117.97754669189453 821.3932495117188 306.3827209472656 909.2136840820312
car 0.3070616126060486 616.4371948242188 781.6065673828125 764.743896484375 848.3078002929688
person 0.6012750864028931 425.4499206542969 852.5073852539062 459.2927551269531 928.9954833984375
